1000 9882
871 660
102 595
189 767
698 442
238 115
664 70
794 969
63 76
47 587
571 227
584 317
716 298
73 824
366 407
613 958
172 564
472 870
164 232
886 585
136 157
817 826
359 971
701 444
47 798
393 387
269 304
236 165
492 63
757 581
655 460
986 949
145 115
420 819
222 99
562 708
247 980
921 611
170 617
616 203
442 553
524 671
543 669
156 571
50 18
18 564
438 981
559 503
62 693
896 717
141 498
563 812
429 127
568 905
182 345
150 187
257 878
707 682
777 210
124 1000
434 614
849 589
926 731
563 408
976 584
154 968
105 126
712 978
430 629
417 589
884 240
668 805
428 366
530 962
698 124
883 56
834 588
724 712
284 685
172 750
609 536
424 824
556 1
918 760
522 177
890 855
341 925
640 44
399 61
76 158
516 576
851 692
88 628
855 132
567 893
566 456
968 583
98 627
275 225
226 689
389 809
217 50
293 461
611 350
571 956
240 204
238 587
761 542
152 818
840 907
435 133
628 810
274 381
134 785
378 953
74 478
184 626
66 618
731 868
329 228
205 777
921 488
683 761
903 712
67 824
28 466
543 869
657 486
633 935
170 879
448 837
909 200
417 650
749 521
148 526
352 417
571 912
614 393
896 600
56 323
2 983
150 327
266 832
853 908
779 418
380 725
291 377
515 412
534 424
150 417
82 427
543 74
110 421
721 768
410 709
935 285
873 238
506 513
56 848
826 188
593 538
635 548
447 212
380 153
219 285
385 675
336 223
708 847
891 252
907 627
341 147
167 315
152 624
800 940
952 215
991 222
647 898
492 878
619 679
854 194
364 58
757 573
433 631
285 718
568 406
566 865
869 995
53 594
186 413
320 47
509 27
411 152
213 796
74 498
576 784
283 322
734 33
330 171
828 190
279 246
156 611
145 758
735 665
477 185
760 459
999 20
896 693
254 469
326 838
240 515
352 77
282 296
600 291
943 957
159 98
269 542
988 218
646 624
103 655
871 175
372 522
593 174
509 106
515 363
241 724
42 783
774 468
741 655
739 494
712 923
620 636
659 884
931 251
695 114
128 252
37 868
128 107
871 277
791 994
48 402
86 702
512 257
548 455
487 789
327 576
953 369
555 485
872 383
564 605
466 528
344 874
829 848
384 803
521 422
105 481
397 995
243 623
725 575
982 198
950 608
130 849
185 298
276 893
958 175
91 252
602 93
695 724
425 132
759 385
118 267
745 766
526 802
583 855
964 747
313 170
492 212
575 307
584 990
108 388
515 604
517 502
866 312
867 113
437 279
429 598
784 619
86 439
35 675
878 595
311 598
347 921
352 557
263 620
818 774
286 880
311 455
19 728
573 129
666 357
117 5
339 55
213 530
197 125
474 786
974 607
746 710
801 911
70 197
21 586
448 572
729 605
469 986
483 830
504 259
487 714
570 330
73 274
914 840
121 638
547 118
270 755
559 903
660 302
826 18
775 175
634 823
146 615
993 668
647 497
794 935
959 419
232 58
300 10
885 791
186 621
954 656
530 458
812 726
651 720
635 217
240 623
215 753
173 122
220 809
117 899
812 613
887 163
492 169
365 181
954 372
260 39
999 698
670 494
30 585
217 70
826 680
425 113
299 600
874 800
1 802
491 385
404 818
900 373
604 689
244 591
207 325
815 122
395 583
72 728
326 93
520 160
830 605
600 78
84 103
526 378
529 54
805 129
330 227
980 153
888 58
225 136
905 252
379 959
779 445
176 105
567 223
538 46
352 117
387 534
482 648
374 922
983 552
718 303
538 81
850 159
46 360
803 111
367 437
888 775
189 916
262 192
461 968
157 438
516 799
242 830
138 69
893 125
675 182
419 628
348 438
336 470
579 274
391 650
713 600
16 760
436 785
60 901
332 866
902 18
690 888
490 538
531 708
470 240
109 336
660 32
792 152
919 290
116 680
100 21
467 874
393 115
855 135
773 144
761 850
759 299
315 882
299 265
851 804
622 97
721 368
522 867
532 312
937 296
646 448
706 119
765 984
87 716
138 68
776 121
649 205
616 376
264 173
692 181
71 216
98 86
705 38
669 643
106 573
821 632
511 102
170 586
154 343
773 559
155 178
856 37
931 565
529 474
443 895
425 664
482 188
639 203
732 575
144 48
187 647
365 878
957 362
376 441
191 772
353 371
202 2
663 440
956 166
102 242
374 631
288 878
335 681
771 779
599 972
283 933
729 661
235 428
788 718
611 729
297 769
176 94
346 418
992 464
591 168
434 598
377 24
253 49
170 513
223 649
404 53
760 987
707 820
241 328
566 16
452 345
73 516
916 72
93 601
797 347
208 159
949 128
772 911
479 817
669 257
561 952
102 536
205 693
316 754
744 237
997 261
450 72
365 91
739 978
612 428
298 20
228 341
676 691
695 755
240 267
402 118
590 479
4 966
354 287
610 972
169 146
61 900
320 258
534 968
734 373
222 425
378 107
956 774
334 973
268 256
839 187
476 419
700 46
295 942
98 348
743 300
561 513
509 406
825 567
311 128
405 331
960 158
874 306
221 179
258 447
272 431
546 714
385 32
594 830
7 425
373 409
505 529
604 491
549 422
54 972
719 970
741 654
153 429
474 371
133 612
832 533
686 368
104 748
858 541
569 614
112 955
480 703
634 784
51 788
402 662
349 979
773 135
981 578
319 47
358 515
857 267
371 692
104 25
581 553
711 622
233 699
539 793
744 201
623 308
857 494
716 407
518 421
541 92
930 469
694 634
329 662
809 668
166 3
584 624
131 313
317 385
796 61
230 801
835 577
42 860
381 919
593 356
421 32
669 730
765 881
566 834
294 641
137 928
22 645
93 281
847 688
614 741
305 809
549 6
128 750
153 845
596 231
857 757
343 582
254 359
519 276
645 644
291 705
10 593
556 546
871 492
84 802
287 143
239 390
318 787
870 812
317 676
241 361
984 671
59 85
617 707
33 626
699 37
405 178
86 305
281 380
627 1000
709 132
270 786
289 857
951 203
372 933
552 90
432 847
31 313
825 744
366 200
332 1000
668 882
427 964
917 41
360 481
256 172
738 982
523 174
191 52
733 795
547 804
215 914
553 807
313 158
225 890
320 654
764 201
506 681
824 270
904 422
189 420
280 448
925 16
802 349
294 225
423 967
762 585
542 267
104 275
164 757
881 77
882 798
186 857
740 384
647 948
74 360
969 994
621 794
880 259
88 122
739 200
526 174
984 225
550 16
623 570
496 395
761 497
981 252
946 987
540 93
347 996
973 872
62 601
709 514
801 735
783 475
456 632
74 11
667 50
943 161
832 329
990 132
793 712
432 336
568 540
758 787
960 198
376 13
844 840
404 845
9 483
580 422
960 263
31 110
272 343
92 72
276 263
849 579
7 497
358 399
326 681
558 260
987 330
56 600
627 227
349 633
461 31
617 985
565 601
875 529
234 427
567 511
699 815
168 821
150 741
447 45
674 483
852 235
696 535
15 297
803 748
722 279
726 439
157 72
431 537
255 869
312 143
963 912
583 619
488 304
311 932
789 756
385 758
939 171
940 384
673 27
813 677
474 231
574 965
995 144
139 322
803 793
113 199
563 485
873 733
838 601
929 723
539 412
728 339
965 618
917 791
40 821
296 223
796 148
216 22
312 553
425 782
689 745
433 299
723 950
279 236
338 360
84 900
140 182
434 855
607 360
140 11
222 782
147 469
852 385
121 249
943 810
585 778
892 898
550 760
150 234
766 346
642 114
742 291
923 583
448 613
502 808
64 565
824 795
258 621
958 746
443 427
855 358
483 599
708 4
76 946
877 635
548 429
343 35
146 541
509 791
935 770
628 211
721 919
719 644
43 175
688 216
980 848
489 731
107 804
594 986
604 521
222 577
815 810
410 997
985 603
328 550
129 523
648 517
497 81
995 430
834 880
894 916
308 95
60 648
388 151
673 493
213 486
553 537
773 4
77 695
463 658
839 263
308 381
471 899
772 460
830 222
43 760
482 440
28 871
416 790
200 941
19 371
701 339
830 169
136 76
191 657
819 152
126 714
967 496
420 885
903 776
166 952
161 951
40 160
314 579
44 728
118 363
959 749
633 976
463 87
861 460
221 1
278 968
597 742
741 635
585 806
842 223
681 347
520 599
337 413
282 310
233 348
489 234
896 550
823 149
79 133
125 406
805 523
241 714
594 162
921 6
392 724
391 926
716 893
54 124
423 265
45 279
157 381
379 565
305 426
396 967
860 188
453 754
928 786
370 144
613 340
327 789
104 892
129 885
792 51
81 92
66 296
211 945
198 821
894 726
327 723
773 309
665 724
778 588
336 46
636 377
406 346
747 312
213 153
574 675
904 395
958 194
229 910
213 265
363 660
950 614
918 795
742 19
9 122
997 393
356 263
142 958
493 922
762 677
815 413
378 170
967 182
199 72
860 774
700 595
442 847
20 313
43 740
905 257
89 422
716 197
583 236
868 408
283 2
583 119
549 803
198 147
438 674
256 986
22 941
244 629
593 816
279 167
706 753
874 639
213 943
329 162
257 909
482 896
446 831
340 294
398 642
700 6
605 328
26 117
165 919
858 954
610 375
841 578
296 723
923 414
598 796
431 935
870 278
944 318
301 239
91 295
474 677
936 914
614 177
600 607
550 893
572 669
673 562
915 621
55 678
354 785
390 201
391 672
506 980
930 50
513 90
570 29
199 536
810 300
323 135
604 780
811 234
316 708
794 980
449 301
697 7
555 225
811 123
833 455
815 595
467 705
13 757
431 346
237 87
807 975
129 748
960 974
196 619
587 673
294 113
208 754
130 407
69 703
895 615
663 35
934 33
499 878
782 85
855 545
903 624
454 250
592 295
740 743
303 995
142 295
883 901
282 170
924 365
17 207
286 626
594 707
313 932
120 710
706 725
999 888
951 757
79 92
984 680
689 942
562 436
581 360
311 542
72 952
163 451
912 90
491 975
20 559
724 791
852 332
104 802
174 304
659 976
898 180
997 730
123 886
306 298
966 719
842 457
150 408
776 983
962 658
557 179
396 911
318 328
301 518
341 553
158 145
362 628
699 927
518 177
385 555
511 431
940 355
312 994
656 938
769 333
720 253
811 214
872 456
359 778
413 366
950 703
541 15
321 247
52 65
324 812
64 322
928 200
657 526
414 763
273 773
368 389
39 730
646 454
705 794
706 117
563 484
551 383
938 896
723 746
856 708
601 202
761 643
244 574
26 489
136 361
411 177
571 671
933 28
58 966
210 525
155 180
874 548
417 941
739 338
304 473
305 880
13 447
732 569
17 297
787 680
138 367
421 682
171 779
316 336
634 471
157 852
818 46
766 712
676 208
658 967
936 189
700 206
295 746
150 235
101 599
913 659
931 38
845 600
999 707
258 328
336 616
427 579
373 387
399 553
185 629
992 99
262 275
600 616
15 962
34 338
401 957
370 282
153 320
580 185
907 91
46 757
675 199
234 381
368 775
59 890
613 319
100 326
335 537
489 329
56 996
592 758
524 439
854 682
30 440
656 519
911 465
215 996
220 606
518 157
478 988
809 934
336 67
7 920
105 266
603 7
659 281
436 102
459 271
829 443
346 381
815 666
781 854
393 109
322 29
610 744
912 596
475 19
530 489
40 613
164 942
136 88
17 331
492 243
610 970
665 827
351 184
247 891
159 270
308 749
950 852
95 167
153 676
613 550
669 756
560 677
231 284
736 779
45 543
196 925
629 353
445 374
142 398
61 130
203 685
829 208
182 234
835 931
400 936
676 750
666 447
939 897
524 817
102 269
802 719
287 149
254 472
704 666
917 750
918 25
432 488
822 677
275 930
771 873
116 8
559 654
84 750
305 207
436 283
805 522
257 108
347 151
429 358
766 81
183 283
497 560
427 845
362 682
534 314
299 8
214 486
916 110
419 526
773 419
333 492
851 531
623 854
806 565
129 997
114 29
940 299
765 346
273 530
937 571
96 623
54 612
595 647
104 170
88 559
365 61
488 420
707 366
748 514
705 849
117 870
601 864
751 750
458 323
331 211
919 434
886 771
100 924
123 341
144 958
515 577
352 313
407 15
234 263
571 388
71 162
221 721
313 798
464 862
853 412
321 763
576 895
442 336
13 118
676 266
93 51
814 152
155 515
411 391
503 821
343 576
390 755
482 624
12 1
92 315
737 14
447 631
967 697
662 62
336 560
707 579
980 469
400 964
382 491
5 840
524 138
525 735
858 588
710 741
34 154
224 884
791 264
465 126
230 393
915 620
654 663
239 68
7 194
599 804
209 482
700 140
142 607
149 413
613 216
670 17
301 690
638 869
806 593
4 747
15 818
998 541
882 58
721 248
576 487
501 624
835 368
319 803
711 477
233 289
346 847
558 59
591 855
969 879
303 287
568 132
566 403
660 732
114 370
226 792
632 779
728 458
691 766
126 801
973 516
835 575
140 479
435 173
398 803
75 242
886 158
853 463
998 829
322 521
735 828
956 959
110 193
398 199
782 743
13 990
370 819
277 485
760 407
233 505
417 738
823 318
244 159
286 412
913 694
825 380
456 423
475 453
679 361
196 425
897 858
685 219
909 531
767 803
695 6
892 391
354 976
876 729
882 410
885 549
301 889
300 413
51 801
582 527
676 704
842 680
828 907
850 847
797 372
785 952
823 640
437 69
332 157
518 615
194 858
454 648
695 458
682 935
904 501
679 510
180 392
164 821
937 627
818 645
169 113
907 587
530 386
647 860
778 756
617 420
344 4
677 450
588 227
181 659
227 77
251 339
331 155
100 596
93 445
844 347
870 735
355 382
728 115
247 549
786 367
1 557
383 37
386 97
117 73
444 175
487 75
110 898
442 440
685 396
723 809
616 823
603 783
896 685
605 341
241 962
779 728
482 568
12 201
213 696
14 907
383 744
349 264
228 687
720 420
853 904
127 663
76 875
307 268
650 726
559 602
230 228
638 225
451 217
186 22
262 163
945 995
388 605
299 170
821 289
876 844
769 398
882 273
519 94
93 483
785 932
346 114
591 632
688 169
157 42
432 631
979 115
43 79
775 406
137 6
670 248
164 809
469 544
186 573
886 538
354 427
725 648
70 567
90 401
865 797
597 334
587 360
346 694
113 225
716 332
303 68
402 279
755 632
596 633
799 804
257 645
994 76
634 167
338 552
900 477
183 688
667 79
404 555
818 64
670 993
340 268
97 17
874 315
231 106
52 162
676 245
573 347
22 451
281 75
412 224
755 709
556 498
519 766
426 731
561 396
718 362
96 678
870 97
999 327
327 503
785 725
715 788
244 356
585 352
987 180
200 194
973 257
422 577
742 190
86 690
379 420
313 22
439 594
831 380
190 332
962 509
601 683
428 449
410 852
111 459
169 567
441 954
265 228
263 529
802 453
587 601
218 12
184 201
316 657
81 380
465 311
342 101
971 343
807 37
919 751
743 939
800 861
655 209
832 783
72 290
230 853
15 879
433 693
678 941
695 833
990 851
421 92
42 131
541 379
9 858
174 636
48 816
89 420
592 317
739 62
43 631
672 101
505 148
226 198
373 917
174 862
502 315
268 295
343 893
821 701
57 939
738 109
421 271
80 655
541 526
391 427
324 32
819 404
787 626
628 524
46 359
282 118
814 8
376 500
500 772
22 495
140 862
969 242
591 79
461 790
175 876
906 741
484 692
580 369
751 405
148 288
295 444
816 250
881 804
182 88
223 701
647 207
63 772
889 517
910 775
106 377
732 469
882 454
242 873
298 663
890 973
980 795
38 605
555 453
4 581
485 868
802 118
328 529
55 582
646 47
426 130
9 186
526 625
232 77
217 831
532 194
642 670
480 811
891 203
345 750
930 389
146 404
882 906
28 197
298 235
852 726
155 366
798 660
179 356
968 703
521 49
207 690
62 147
209 384
626 278
458 356
705 941
208 643
503 468
571 772
271 466
916 933
477 825
369 912
136 335
730 443
162 66
558 621
585 561
732 672
519 770
313 938
511 172
168 222
650 846
577 294
224 759
430 194
509 347
199 515
295 704
62 777
266 966
529 852
770 86
885 145
728 724
158 731
654 764
788 566
685 881
205 676
782 894
940 793
387 939
444 712
543 204
466 144
306 553
698 807
684 278
99 782
82 448
779 490
637 274
604 93
436 767
989 405
242 826
281 462
267 815
536 340
902 391
564 547
11 290
820 532
12 761
888 611
823 643
281 744
856 800
547 709
731 96
39 180
643 898
916 406
928 492
252 436
604 897
695 634
203 792
39 502
613 989
639 861
803 909
972 44
521 220
576 764
283 174
590 220
263 908
468 866
14 50
933 824
297 30
579 697
122 237
892 473
530 52
217 215
842 943
934 210
458 235
596 469
654 237
765 822
142 257
18 883
2 364
19 566
451 783
32 955
675 660
705 324
192 177
391 499
545 755
966 109
435 471
348 780
451 557
415 398
371 322
448 969
936 846
78 611
23 571
745 339
819 904
236 782
186 23
24 422
298 589
975 277
443 428
542 1000
45 304
548 345
966 952
971 878
240 469
78 136
134 110
820 633
699 844
738 810
223 148
494 43
833 611
104 33
986 387
659 283
328 553
458 760
242 147
61 589
501 646
877 811
238 159
129 697
654 540
119 104
397 732
472 776
364 785
562 127
386 623
960 520
706 36
88 883
760 160
17 329
933 843
934 28
147 826
226 961
43 765
815 363
672 235
910 85
613 548
709 933
875 453
213 182
639 77
893 860
700 680
293 206
424 115
79 733
151 224
52 667
680 836
257 565
404 716
757 858
282 224
921 351
321 654
469 638
165 209
903 555
207 174
317 475
652 361
727 935
529 242
951 319
40 449
226 500
889 44
652 248
876 350
257 832
6 581
671 829
653 226
569 799
567 892
879 574
720 861
974 870
237 718
229 187
548 159
344 661
237 356
8 57
353 729
68 36
824 826
732 67
4 871
994 692
404 102
599 685
664 850
862 853
479 627
658 47
676 537
203 629
684 252
122 655
232 195
394 382
233 814
107 773
147 154
901 269
544 518
925 151
907 692
51 566
824 374
509 538
578 317
523 356
526 517
195 759
927 718
151 174
682 783
497 451
647 575
482 377
361 213
872 145
401 261
701 402
795 981
327 952
122 835
88 847
855 937
296 380
19 485
892 402
621 44
416 821
291 675
754 399
991 78
832 461
705 113
208 567
106 750
433 406
252 928
772 800
256 989
44 808
579 729
395 606
692 792
350 380
353 200
746 545
619 821
623 881
202 239
408 530
230 353
178 388
452 827
199 542
990 319
566 789
562 30
712 591
525 38
883 895
426 813
874 175
313 11
966 343
951 33
520 709
494 221
813 448
889 810
249 587
987 501
860 125
400 707
850 802
383 22
65 634
281 320
64 624
708 441
837 347
654 771
303 2
815 62
534 341
495 59
613 484
279 842
636 617
512 371
423 17
509 875
609 645
885 752
671 341
52 475
38 594
851 561
835 84
877 721
399 39
962 248
924 902
392 271
945 613
643 822
830 296
268 817
221 847
937 422
904 667
43 807
580 692
821 489
985 434
70 636
808 661
147 773
611 296
811 282
425 235
613 666
338 828
209 588
692 47
397 373
308 304
105 506
994 275
558 656
207 546
668 208
815 291
235 861
442 721
588 449
479 350
635 412
212 443
658 173
476 496
991 307
246 238
925 961
430 481
487 208
145 407
164 181
862 36
477 986
888 607
338 384
654 304
969 290
254 308
184 698
921 391
265 881
5 820
676 191
941 923
571 451
273 388
288 762
171 945
782 519
343 727
70 526
663 256
727 589
897 856
951 5
615 152
229 301
234 245
851 69
10 290
30 161
733 894
555 514
537 19
974 120
297 970
998 322
11 212
716 442
241 896
930 85
270 498
882 378
384 881
973 17
422 281
781 990
316 552
55 45
313 190
261 38
869 465
265 35
111 370
532 383
726 149
360 782
267 746
161 355
164 646
751 834
130 786
241 61
367 597
522 876
29 300
86 167
125 643
847 816
848 882
479 412
924 63
891 52
708 627
821 929
515 522
365 293
776 126
118 231
9 657
156 960
469 263
349 326
320 217
28 266
925 564
170 421
344 207
914 295
532 650
717 690
97 809
761 258
317 804
470 513
303 881
77 390
643 140
274 537
919 75
425 643
524 697
706 564
448 812
934 524
974 617
244 846
444 280
429 204
124 804
984 317
107 446
608 761
122 172
999 127
604 365
931 999
344 523
550 591
610 314
577 547
983 971
452 17
883 335
385 72
853 218
567 57
755 831
944 72
928 845
176 34
124 744
306 861
507 998
555 622
668 775
615 354
764 952
122 424
163 909
112 995
274 317
101 121
627 985
803 765
327 104
501 788
617 219
546 73
584 492
220 968
739 584
96 710
320 714
414 568
218 217
626 234
256 438
762 538
9 66
543 517
948 107
588 178
476 884
265 313
947 821
588 1
493 835
155 153
706 84
869 568
14 15
566 712
807 758
838 712
454 193
402 420
649 893
874 756
47 50
133 753
752 24
736 765
200 457
899 229
559 87
192 111
931 724
821 712
452 594
538 478
204 554
317 953
909 149
126 315
348 785
679 879
335 21
638 470
713 644
748 274
941 149
853 569
73 495
438 582
478 662
337 290
410 414
374 967
224 478
974 150
6 868
435 326
266 241
414 457
966 522
570 291
475 45
99 841
279 801
855 262
110 331
974 432
25 799
30 8
915 962
506 558
536 397
993 650
134 218
234 638
72 365
755 176
223 398
874 597
890 649
411 528
252 398
254 708
99 261
543 616
949 385
407 437
264 957
531 993
803 836
364 886
132 124
303 381
657 476
320 500
838 522
198 501
54 386
83 599
249 323
377 161
397 417
808 472
374 69
178 208
160 331
553 420
839 971
304 646
981 340
288 495
967 353
109 633
773 568
889 493
448 229
362 279
552 251
348 838
403 895
799 457
356 933
840 566
966 426
738 333
316 283
376 502
619 82
840 389
277 160
334 435
872 886
33 900
766 406
35 114
789 325
441 431
940 823
998 69
862 532
595 251
499 14
157 428
15 562
328 934
419 21
537 54
495 58
388 640
256 401
69 23
51 966
414 393
228 424
592 546
774 212
632 227
543 409
566 42
197 733
534 692
354 668
879 832
85 540
738 454
459 379
846 885
649 287
150 828
873 825
753 831
723 102
523 387
716 432
683 185
591 848
601 984
962 16
214 879
471 982
679 141
496 162
246 338
528 789
104 423
405 237
146 180
420 939
939 497
43 708
30 962
934 180
312 675
820 91
460 555
27 335
173 542
344 244
923 7
169 399
502 261
892 661
822 804
696 504
503 322
809 191
386 920
614 698
61 282
83 318
637 891
533 672
809 200
745 714
286 624
306 370
921 311
867 559
995 610
211 467
433 125
167 721
220 131
11 22
637 718
382 443
702 922
296 578
794 449
997 710
653 442
451 254
823 78
989 354
393 620
814 887
964 32
234 261
845 867
537 18
149 220
741 338
387 843
54 830
819 844
215 111
626 914
632 255
914 76
544 865
319 29
929 313
103 698
769 464
110 242
811 189
884 413
523 193
536 116
755 360
741 133
195 289
693 34
363 707
539 708
591 647
372 847
273 223
275 230
4 1000
463 661
335 201
666 880
539 482
854 185
450 691
269 333
566 749
143 340
165 140
173 753
445 396
84 316
675 883
364 92
165 29
238 573
740 647
62 495
763 366
657 189
855 694
948 468
217 326
168 879
192 4
728 118
892 697
141 117
415 362
255 107
184 744
791 31
741 123
376 336
586 463
834 390
718 704
594 562
41 946
426 960
46 61
563 981
508 708
622 322
814 70
139 378
63 747
746 257
729 671
325 300
491 572
186 162
6 889
577 979
484 387
228 233
231 694
489 760
988 19
228 904
945 992
408 739
694 165
258 118
996 437
119 550
814 514
159 459
537 159
242 943
684 26
653 979
744 309
686 568
135 338
40 993
203 989
613 29
885 856
392 377
321 437
674 115
199 428
542 426
907 539
912 911
637 233
933 535
644 478
238 157
540 671
759 261
669 61
748 538
655 254
677 530
697 428
263 861
497 145
271 374
882 803
597 316
523 681
618 889
476 667
557 906
526 107
910 202
933 171
38 257
537 754
101 947
647 551
198 59
331 486
350 390
302 229
161 827
364 479
3 72
874 407
106 829
269 821
326 814
74 223
386 243
206 496
788 986
475 401
735 535
723 183
157 677
528 455
361 282
967 932
913 627
917 347
763 807
233 208
231 837
90 619
12 3
269 616
275 535
132 884
775 454
121 619
367 490
10 251
621 819
158 51
489 408
221 893
689 263
177 747
707 167
447 96
51 651
950 345
807 192
565 121
918 699
411 531
594 872
683 463
521 312
704 994
523 358
281 855
908 453
730 110
133 130
939 246
714 686
253 802
40 581
556 629
226 880
613 868
448 314
928 244
857 146
565 193
344 507
130 586
437 638
166 148
118 189
320 356
549 861
291 677
626 320
667 270
43 616
373 993
264 363
429 591
965 557
365 637
394 667
649 920
877 482
420 229
352 659
848 744
596 382
875 162
196 524
987 779
695 891
718 649
938 521
353 63
999 160
302 112
654 453
553 214
719 975
709 475
785 507
461 642
585 452
870 806
559 630
755 674
936 776
150 262
454 815
906 736
408 932
157 570
448 674
452 106
271 566
378 1
793 50
722 120
7 24
689 65
620 607
725 415
664 769
24 480
426 476
353 596
319 610
405 217
560 65
762 846
964 227
877 574
971 697
966 625
44 946
266 327
820 930
200 479
989 705
133 399
229 860
21 576
830 302
206 580
764 54
419 925
32 470
360 931
759 98
317 459
484 588
397 371
679 285
244 688
241 562
83 626
65 3
856 306
458 8
660 574
899 798
764 941
723 578
598 262
838 273
30 850
587 19
1 852
130 368
924 362
174 889
541 435
505 38
487 210
14 742
500 565
933 500
607 237
307 510
652 348
583 372
634 862
585 611
171 430
365 643
258 95
560 707
524 870
317 992
547 479
175 390
89 577
918 106
171 947
230 402
488 717
330 460
519 690
45 590
962 973
64 688
906 333
713 5
452 63
823 216
92 70
29 595
208 474
922 426
634 624
29 708
637 303
86 543
33 641
159 321
58 52
962 542
558 570
487 965
200 285
132 610
306 215
712 184
397 834
829 863
332 153
522 185
461 379
617 253
581 602
68 675
215 844
751 110
788 120
992 986
155 545
268 832
485 454
455 242
85 490
522 923
506 326
803 910
735 459
76 116
591 823
379 215
282 727
725 353
337 608
251 230
968 734
218 485
344 1000
683 821
207 659
65 126
716 410
782 139
255 679
165 139
402 303
539 402
653 678
356 570
430 289
643 464
899 890
114 628
886 254
62 492
126 547
493 528
166 446
338 467
258 176
874 432
247 726
127 44
239 742
576 42
480 255
779 591
510 15
865 12
671 683
386 159
687 319
960 850
286 508
158 634
509 237
914 745
992 137
337 452
139 202
864 712
909 930
289 569
969 143
519 295
332 118
672 842
214 765
570 960
124 865
860 39
721 751
594 119
580 166
968 64
902 471
466 917
584 48
859 918
200 484
276 246
416 497
290 278
683 341
323 322
255 775
937 706
275 39
6 341
815 673
32 304
267 699
967 938
327 267
792 388
901 456
674 850
325 742
731 367
803 938
950 527
666 802
612 58
540 783
674 965
768 386
203 103
938 990
665 830
722 257
854 218
315 442
749 16
683 942
706 51
826 706
726 768
359 745
86 419
18 963
288 989
634 163
362 430
14 303
59 386
568 80
355 102
269 931
17 138
610 11
424 148
64 427
166 978
508 890
89 520
643 123
112 359
990 326
408 424
444 318
139 264
767 48
879 970
625 735
371 291
499 278
999 413
267 428
840 699
932 426
77 461
295 538
975 468
120 80
124 552
325 271
399 520
457 927
59 959
97 352
304 6
893 988
175 781
950 141
182 59
993 942
941 454
148 220
875 590
915 599
772 820
99 984
190 481
873 33
671 370
488 778
849 56
247 353
521 865
459 337
113 559
759 813
920 780
226 559
501 615
964 573
877 780
894 954
915 19
830 386
189 266
445 864
803 838
260 834
665 873
599 304
669 698
660 692
644 209
576 551
5 281
688 661
528 954
878 591
144 947
515 580
551 258
853 54
617 950
255 460
987 225
994 108
464 851
819 107
53 815
79 803
759 82
210 718
969 267
110 975
496 286
75 952
352 259
44 585
814 157
175 493
982 983
538 163
900 590
116 331
267 379
213 651
355 469
645 798
467 239
150 366
987 601
714 307
1 164
614 216
559 681
766 487
803 123
91 317
1 213
827 97
538 547
599 733
381 204
720 602
646 886
634 972
342 376
984 819
824 584
135 260
817 373
197 731
146 607
328 646
169 646
422 752
869 41
548 626
469 523
54 495
717 101
833 552
686 736
270 311
916 365
369 72
725 937
123 185
985 262
750 6
18 327
469 566
535 878
826 606
976 463
833 330
392 16
284 6
855 985
610 540
178 498
398 647
967 144
970 436
443 540
173 651
909 279
912 517
969 628
606 355
776 212
460 549
190 650
344 246
92 620
361 917
969 342
877 453
623 801
633 801
788 368
69 253
822 981
849 777
650 842
596 2
358 213
692 541
987 647
404 997
5 834
250 565
653 295
233 286
976 690
962 893
671 903
340 917
270 804
16 835
21 62
315 337
988 952
772 893
555 519
447 453
323 75
340 875
72 778
56 974
239 103
370 210
522 215
693 270
586 734
626 995
114 207
370 37
43 201
926 156
129 755
164 931
110 99
95 757
726 209
206 566
815 652
673 163
622 254
369 116
151 532
905 16
377 609
659 225
878 471
237 53
132 167
260 124
759 464
877 101
532 448
331 1
830 37
541 142
37 570
565 312
250 642
351 211
852 980
320 173
842 357
265 764
862 125
736 869
187 575
815 177
38 362
870 675
598 402
912 271
960 590
804 309
934 944
266 644
31 900
550 870
19 792
993 453
334 719
762 266
672 766
214 929
35 302
1 217
917 724
205 610
244 248
64 366
980 308
49 510
421 70
789 266
278 275
168 476
263 337
410 441
710 772
876 532
970 721
755 669
703 874
480 333
577 977
816 311
120 164
928 977
999 350
415 298
766 63
306 713
881 791
736 126
168 762
703 554
957 806
82 416
655 663
729 959
498 432
337 118
210 508
786 693
627 117
738 806
137 303
531 635
659 430
509 641
989 663
890 880
427 146
447 223
379 253
507 416
169 623
26 992
542 424
835 190
484 848
368 761
609 797
989 404
192 567
148 180
548 872
364 781
481 559
27 359
427 449
191 440
772 68
178 969
394 666
514 879
360 365
574 123
960 99
599 412
711 198
640 589
398 877
570 642
352 939
888 845
283 63
354 890
602 275
255 299
359 298
424 119
575 740
688 968
946 292
131 126
481 491
36 773
118 992
633 666
641 931
456 695
774 897
23 151
961 978
600 14
588 599
572 76
844 937
956 211
563 195
687 365
28 702
257 836
614 418
797 834
227 774
270 962
70 432
845 630
292 842
167 590
595 115
614 317
85 961
823 3
805 564
769 195
673 871
957 842
176 193
505 891
750 559
328 796
147 357
650 297
427 976
989 694
176 336
712 98
876 941
937 771
154 559
337 995
697 131
347 310
223 395
777 827
375 220
506 669
17 638
53 72
590 353
259 969
629 698
502 705
667 251
454 612
19 73
664 274
647 571
962 11
873 636
359 985
910 283
380 404
329 670
995 209
320 503
405 261
530 342
566 568
93 814
251 972
280 332
672 11
997 193
350 591
532 623
899 804
919 313
250 90
800 509
592 449
226 195
841 486
179 203
473 554
66 414
175 383
359 498
549 14
733 289
128 256
238 223
912 230
317 559
718 574
150 58
995 587
373 291
766 266
748 369
809 499
791 295
614 334
742 275
83 242
20 307
548 40
879 606
383 687
685 241
618 148
927 52
180 975
107 665
868 792
775 896
11 95
84 639
165 587
361 22
513 177
24 625
478 915
730 524
988 836
871 569
507 266
642 633
76 285
906 34
200 449
989 735
21 733
63 735
657 761
553 952
505 45
518 494
846 626
178 687
777 41
310 676
494 449
904 317
72 257
790 793
631 177
854 144
140 881
192 797
674 637
344 72
951 959
274 271
368 126
804 216
833 4
967 433
625 346
535 301
701 5
204 547
9 603
818 803
912 292
14 740
112 194
325 262
278 169
226 342
191 948
69 252
895 160
329 71
43 656
874 493
512 888
819 356
123 800
676 10
455 801
90 702
453 256
36 312
220 13
662 220
224 924
595 43
462 118
436 597
399 579
480 273
957 769
780 830
267 213
31 372
906 120
339 723
408 93
444 811
552 741
267 802
220 706
703 791
542 147
284 679
690 926
539 955
349 787
302 494
532 154
29 329
52 298
440 76
630 875
133 983
907 752
12 980
622 255
878 101
863 755
648 992
764 84
358 813
507 229
695 742
188 887
95 938
367 593
761 714
7 736
122 788
319 722
239 251
614 358
792 558
388 473
389 928
84 456
66 815
344 437
741 325
937 160
443 571
960 719
134 892
835 513
624 914
967 4
903 796
482 142
675 965
400 165
274 642
866 104
766 529
947 153
605 397
291 861
292 482
294 592
813 576
979 296
436 893
691 156
32 559
16 484
454 266
40 490
316 367
325 171
804 20
128 605
617 609
805 105
600 337
267 386
141 421
35 190
993 166
832 868
337 314
679 512
877 571
270 918
767 892
126 76
348 222
497 700
546 385
799 49
522 406
103 481
297 921
45 299
564 813
765 252
858 526
327 961
203 767
21 363
281 429
465 184
694 43
72 486
624 852
242 938
557 289
264 728
686 575
511 242
641 206
238 70
664 25
189 514
405 581
920 856
375 251
432 621
659 286
146 814
45 730
542 425
865 327
341 808
472 953
949 425
274 147
740 98
703 126
359 948
584 718
469 84
824 189
772 293
186 950
575 432
373 744
688 540
820 41
252 699
471 923
826 646
924 31
49 883
891 980
947 934
238 621
334 876
837 959
407 224
815 231
361 818
322 472
557 405
473 860
40 793
347 951
666 629
114 918
597 27
196 900
204 619
282 237
876 181
607 295
679 666
224 436
192 146
726 595
658 915
337 164
596 59
410 248
358 146
529 134
417 652
970 784
34 882
735 528
701 640
371 293
27 625
837 64
583 560
404 781
386 272
704 283
630 656
867 838
561 23
465 506
104 582
357 188
920 338
884 131
300 460
428 153
494 517
287 726
682 692
457 767
9 422
323 2
519 184
480 551
670 60
105 350
241 20
159 569
716 682
835 12
230 93
580 440
293 728
440 4
167 243
522 974
800 740
998 763
899 325
161 446
508 599
768 504
5 101
411 818
602 35
338 579
752 636
863 344
249 470
925 293
998 805
69 707
576 569
186 829
886 794
298 275
27 243
177 413
825 482
540 51
249 304
161 750
473 952
297 234
448 74
891 734
786 286
571 732
891 591
841 374
974 570
741 789
356 929
120 580
642 272
268 524
112 389
535 95
22 118
940 525
170 813
283 582
983 681
110 815
75 664
884 850
997 605
168 405
230 215
677 323
519 361
560 870
832 731
152 183
737 338
756 426
723 462
940 81
341 684
113 517
183 485
846 95
689 288
360 314
215 52
806 66
590 160
132 536
547 815
846 469
487 579
914 173
65 964
121 569
692 359
506 702
821 5
180 435
606 527
424 613
556 822
425 460
833 479
741 254
501 633
981 847
198 555
15 99
697 120
551 109
807 967
898 929
805 495
7 767
446 421
322 207
549 540
711 937
659 52
364 854
75 397
611 303
322 382
325 589
956 737
389 988
105 775
531 223
880 395
709 632
476 461
72 706
36 869
60 99
767 404
117 774
187 352
230 262
656 169
54 182
475 429
554 536
409 79
563 874
693 807
335 400
182 340
371 285
423 34
158 733
605 108
608 816
332 720
956 506
851 148
559 591
840 131
97 862
79 490
870 35
233 62
971 888
699 201
607 832
920 138
189 795
922 472
923 769
671 167
856 895
362 749
955 400
224 646
557 316
775 133
369 756
987 99
146 577
722 268
673 816
780 748
820 897
342 453
113 771
650 449
928 482
195 293
397 545
730 817
440 60
483 254
413 279
513 989
221 942
60 620
132 161
834 7
370 103
668 514
734 756
886 979
248 867
230 791
812 748
692 8
584 945
972 264
977 678
652 654
635 462
933 179
829 83
244 949
763 533
640 816
662 701
991 675
540 281
434 844
491 133
697 818
41 950
614 565
460 952
760 264
898 78
140 55
594 961
23 851
447 551
453 338
182 637
690 47
421 948
426 750
542 560
724 819
301 158
470 836
789 377
935 495
866 540
45 153
798 489
745 607
512 530
196 27
770 342
510 383
298 567
228 948
570 507
57 292
82 305
135 313
600 654
621 988
622 463
493 361
521 550
155 992
708 156
803 754
270 467
589 143
609 561
116 615
726 488
492 438
901 420
460 84
164 698
692 351
51 593
769 722
350 959
722 530
651 530
981 775
30 749
913 495
108 757
218 341
423 902
546 199
281 921
670 413
433 642
288 139
656 87
916 517
727 508
639 605
332 682
624 746
826 886
919 279
447 703
834 269
161 989
944 880
136 269
620 397
276 264
161 846
515 779
168 126
866 13
212 111
287 383
568 767
40 56
663 240
114 889
923 367
391 461
782 678
605 257
598 53
794 240
334 297
317 549
391 354
340 378
898 82
348 925
611 513
325 379
292 884
81 911
926 299
470 539
181 647
404 253
611 767
577 947
814 832
215 205
608 87
217 129
936 590
77 300
428 154
431 789
893 74
34 225
646 792
104 869
157 229
90 824
632 315
907 349
447 108
855 99
217 854
533 491
613 61
688 332
392 281
985 702
164 997
682 870
632 537
25 685
561 547
812 147
111 433
298 254
743 928
856 572
803 843
473 108
471 969
253 478
204 196
208 783
373 715
49 781
302 585
216 266
610 998
791 671
259 374
616 299
636 822
583 985
951 853
881 185
826 778
83 715
283 29
217 273
844 666
627 858
790 448
670 810
489 341
587 248
970 192
554 771
684 854
791 978
558 971
83 297
321 620
74 108
183 599
663 20
685 444
301 435
305 944
141 266
571 445
771 175
184 787
633 100
795 309
27 687
439 467
288 817
418 736
718 431
511 407
443 159
525 501
803 239
567 862
89 779
174 396
770 367
55 411
186 102
483 447
615 195
680 384
202 972
741 313
829 151
506 874
233 867
437 105
510 657
725 702
867 355
733 679
147 143
170 231
850 645
29 32
358 948
344 831
761 835
116 718
320 567
981 846
484 874
765 743
55 893
268 70
192 625
1000 456
514 930
881 123
493 885
294 110
886 988
229 651
116 597
65 7
435 181
679 494
207 473
837 235
305 609
60 141
957 121
240 682
361 922
604 930
19 656
263 599
785 185
70 77
404 625
611 891
930 304
913 797
236 748
20 577
573 299
611 968
831 795
596 124
799 313
133 28
384 412
696 185
794 91
233 259
107 758
144 380
515 287
55 78
150 294
941 105
874 28
718 165
295 428
833 973
278 602
580 334
373 264
557 170
854 532
972 626
270 581
200 257
920 58
168 831
81 2
924 706
707 210
12 932
907 276
33 487
848 300
688 133
906 196
787 315
181 72
557 677
280 439
15 465
734 987
492 482
366 447
114 428
61 659
189 478
942 772
445 820
449 433
588 132
905 102
142 127
847 830
302 385
722 666
991 127
298 488
209 819
21 140
395 702
195 864
731 594
301 754
663 359
645 270
44 863
332 259
784 686
904 132
531 363
936 505
795 46
374 305
340 385
359 423
986 703
454 505
499 736
120 747
451 645
362 360
143 791
866 840
25 344
710 838
504 249
13 263
931 796
453 192
752 510
408 511
376 51
219 911
365 901
791 361
278 772
63 534
300 196
852 361
600 450
563 758
234 64
624 504
510 237
594 224
357 176
988 1000
720 662
24 429
447 405
30 135
361 236
987 160
907 3
78 147
651 73
266 57
271 776
682 609
242 936
258 901
333 511
300 264
967 640
271 953
418 351
256 366
898 725
722 497
998 578
447 216
30 304
308 178
271 46
238 55
20 366
812 830
886 739
354 560
707 492
421 452
427 437
265 466
907 623
808 404
804 769
18 138
511 715
520 344
994 755
796 445
427 450
566 595
724 597
496 239
424 348
216 222
491 292
753 969
401 60
352 942
403 538
155 77
946 336
692 156
621 210
877 360
532 709
809 984
101 958
959 646
36 815
974 685
118 999
321 647
329 140
767 572
317 947
340 276
912 253
732 534
325 88
736 465
457 208
719 264
995 592
874 291
947 405
624 262
2 28
809 404
421 966
174 262
927 460
668 701
949 644
347 132
639 321
171 524
686 157
754 636
231 832
35 559
940 984
462 428
145 403
664 810
348 339
186 50
389 407
615 303
960 100
346 316
642 993
148 106
713 79
154 647
545 575
271 876
186 276
918 717
794 599
194 875
251 870
911 316
553 816
751 61
828 826
336 24
545 308
152 288
623 119
146 281
371 558
299 317
269 350
375 78
858 36
17 524
330 605
310 735
829 613
207 817
43 816
928 154
643 737
761 640
791 681
190 221
28 59
221 473
565 204
714 566
860 792
601 730
182 534
947 900
75 154
880 353
808 478
481 298
726 800
485 990
992 666
991 452
795 121
724 321
959 698
575 175
784 758
416 554
753 727
22 810
562 311
452 659
344 828
788 853
353 927
326 783
313 361
26 123
50 837
303 533
55 244
391 214
283 969
582 239
788 538
20 612
332 686
918 173
595 16
854 815
323 821
128 805
392 762
908 290
510 217
36 485
721 811
305 428
730 523
819 886
681 889
542 186
101 42
780 635
964 232
146 603
272 802
422 756
354 662
873 146
671 483
674 69
15 335
642 743
149 910
366 49
557 504
246 539
823 136
603 70
713 650
777 59
368 693
455 114
114 393
925 485
964 541
416 27
17 667
152 517
66 87
765 599
34 569
678 886
535 987
312 843
574 935
137 560
427 699
373 686
853 244
714 554
861 649
347 723
79 636
242 406
122 209
179 10
986 902
715 76
237 256
918 439
403 594
478 250
856 422
178 238
160 365
108 115
3 457
460 688
10 951
66 539
24 871
227 106
942 391
554 631
97 224
867 452
656 171
909 215
658 985
583 808
178 306
219 930
778 64
645 894
387 514
843 903
693 854
451 343
595 237
582 320
957 941
10 346
690 296
529 622
814 841
769 159
970 520
651 223
615 230
375 605
530 932
436 711
256 101
475 107
811 917
523 25
200 258
354 715
962 394
45 486
837 602
73 997
3 910
871 687
397 974
722 413
670 589
360 230
310 532
656 834
753 194
717 871
590 463
955 862
631 225
169 162
8 96
209 673
948 188
511 820
972 266
645 252
136 388
815 204
670 577
330 966
739 126
805 648
575 716
924 468
66 972
305 652
639 409
607 191
353 152
596 332
241 846
725 160
765 108
236 307
40 94
169 382
61 312
710 207
322 772
822 949
524 501
573 221
831 937
745 680
546 157
527 700
292 195
147 279
3 368
758 842
317 624
926 518
452 905
35 163
861 115
989 190
472 380
463 267
525 316
980 828
633 860
508 416
514 15
36 351
371 104
744 313
372 215
724 940
193 940
983 945
419 72
215 299
750 334
545 823
376 897
124 743
396 982
846 106
779 159
341 610
20 9
600 102
285 123
622 444
552 930
458 657
441 933
519 230
389 461
555 259
765 332
601 670
510 825
77 842
110 969
388 779
527 280
375 897
324 933
271 94
919 706
167 345
407 430
959 205
122 964
319 866
236 417
826 530
317 413
890 449
105 899
711 301
14 103
640 722
504 747
673 286
433 529
906 132
17 466
181 623
75 36
424 492
796 92
924 393
411 230
88 921
251 487
144 987
1 870
787 899
238 739
153 547
226 59
501 115
352 653
761 295
580 813
491 210
258 145
886 505
429 152
322 872
586 493
576 11
101 736
214 961
514 241
474 946
862 257
535 165
244 216
82 207
391 237
504 389
370 594
645 950
776 699
941 31
631 383
512 577
715 958
573 550
521 789
760 636
334 120
266 248
103 389
15 551
805 641
936 560
632 95
872 590
279 830
817 243
929 409
859 856
327 934
902 790
917 168
831 278
245 837
945 663
82 674
121 824
753 479
403 12
721 121
267 589
986 111
627 371
406 812
557 548
975 821
91 758
985 423
137 186
194 445
70 520
694 630
915 391
800 965
108 362
454 890
848 817
316 895
27 244
890 340
429 568
907 872
108 505
943 631
569 203
722 937
762 906
504 630
628 887
188 400
155 217
446 968
140 275
783 459
891 576
106 904
715 286
359 547
455 539
831 912
203 24
415 441
914 520
120 915
874 260
983 682
586 144
69 660
173 832
966 335
666 187
975 439
945 64
513 260
722 114
188 570
979 801
599 728
345 701
42 950
515 451
578 853
530 976
284 212
159 504
570 433
642 962
572 519
24 21
544 860
979 639
618 453
727 229
158 160
931 480
391 554
195 445
180 271
722 890
971 524
608 450
510 742
494 235
318 437
319 964
257 510
276 905
137 69
177 836
753 293
75 305
38 135
699 731
541 52
264 64
808 669
169 837
242 437
243 884
869 744
951 778
971 72
277 823
118 147
360 737
213 133
434 242
37 87
311 536
61 49
237 527
610 234
41 189
334 986
631 832
887 762
619 888
641 894
895 223
861 987
183 755
24 872
5 939
676 336
70 67
382 881
109 577
103 635
206 387
709 741
429 224
233 487
838 68
149 801
426 870
596 126
782 527
202 701
311 77
849 949
572 854
314 66
329 199
516 893
595 156
555 455
103 461
513 145
572 692
663 623
120 363
955 405
100 292
279 983
229 152
893 225
489 747
72 349
551 863
266 752
704 770
835 56
21 765
30 357
472 929
679 72
437 365
481 917
651 747
512 147
342 186
569 102
218 380
687 562
119 12
764 455
872 395
507 854
90 306
18 55
592 208
242 473
740 424
890 285
283 185
326 377
645 251
208 600
192 893
429 512
395 688
583 931
450 573
538 559
754 463
683 969
411 138
362 436
986 522
145 474
184 512
767 292
70 28
198 97
790 357
745 798
525 200
653 19
456 751
128 282
148 685
274 928
331 721
44 526
118 699
989 12
684 574
900 515
240 612
386 264
940 871
837 836
338 17
163 198
556 407
387 910
245 590
280 640
270 773
833 446
680 459
883 528
381 143
58 210
96 257
834 563
33 272
785 769
971 758
272 732
518 249
385 403
828 929
858 771
854 673
671 277
536 40
367 802
902 235
480 910
29 117
730 994
158 267
604 975
412 20
698 260
698 302
669 133
483 142
610 767
402 984
151 567
725 670
950 513
631 196
333 513
463 630
797 146
428 795
450 895
142 89
878 359
976 283
155 478
378 13
207 721
56 265
40 910
203 490
296 280
313 670
563 378
710 511
123 307
506 169
969 567
455 272
117 273
944 883
912 465
641 821
681 20
455 673
719 500
442 512
5 594
871 281
502 324
819 386
342 765
127 121
364 349
628 562
774 494
277 434
888 671
374 642
729 433
680 107
224 295
336 801
944 544
799 354
585 210
641 576
434 766
936 132
168 302
345 902
26 517
951 468
468 885
723 409
873 376
923 683
646 765
991 836
891 997
300 57
408 113
78 863
8 816
140 609
785 860
257 283
573 789
182 896
422 718
974 299
635 609
392 397
907 350
768 56
879 106
648 606
208 85
355 774
428 586
414 909
642 688
493 108
171 232
899 764
458 404
593 471
846 515
562 798
375 505
622 42
886 157
131 407
151 968
498 996
304 961
282 775
269 317
627 513
812 917
445 92
1000 653
434 207
736 947
570 675
642 329
170 725
28 219
61 157
662 649
494 981
64 30
541 516
268 424
54 633
883 723
809 212
253 417
226 318
580 657
122 383
110 282
257 778
225 126
26 121
241 409
123 795
275 858
258 911
548 85
215 428
439 196
352 214
923 539
139 8
233 181
310 83
719 957
426 564
357 220
175 815
626 535
419 505
793 164
963 244
447 431
965 430
894 698
73 638
882 508
59 703
9 454
121 874
584 78
822 216
293 902
316 473
186 310
228 173
599 942
38 986
609 638
721 100
260 352
778 485
212 921
413 414
17 605
436 33
474 156
129 591
756 618
722 582
995 355
902 989
407 465
744 929
891 178
86 144
531 5
75 385
919 634
77 627
504 693
156 70
817 900
63 92
342 889
201 635
327 239
207 565
885 496
526 187
717 564
869 430
114 75
508 986
505 257
64 122
545 749
729 376
112 342
486 912
178 417
514 263
272 166
700 62
3 278
850 367
23 843
291 19
590 597
3 423
131 869
278 895
643 778
871 148
414 367
384 270
280 847
372 253
486 333
346 464
224 140
992 450
461 897
483 729
127 832
257 466
479 557
907 440
177 731
328 857
20 119
778 167
121 774
270 507
608 368
185 33
613 225
261 156
637 251
124 18
755 368
919 843
665 664
406 890
109 85
726 307
892 47
930 332
553 927
806 507
20 720
612 446
253 57
212 556
748 558
471 541
994 746
391 60
651 635
433 666
179 330
507 873
740 425
874 999
428 967
88 784
251 364
269 325
703 657
143 348
40 915
296 317
258 491
639 522
516 105
735 103
155 19
923 520
700 269
283 375
122 469
344 839
327 51
588 730
827 626
700 508
248 291
503 833
749 617
737 865
719 305
106 848
306 270
609 175
847 413
50 779
986 799
555 810
573 584
63 531
45 4
373 407
448 626
289 562
785 597
662 253
161 439
673 660
712 878
198 292
560 802
867 48
513 252
220 268
977 399
480 673
262 41
310 805
522 245
455 671
928 548
432 915
307 545
380 57
915 798
293 606
55 531
567 186
573 978
20 979
190 302
266 262
711 632
523 172
713 759
237 241
792 194
975 851
651 697
800 733
765 315
488 281
627 262
499 180
388 132
579 171
262 629
743 535
393 234
539 553
756 977
178 963
506 468
911 921
492 231
790 555
959 941
715 185
553 59
305 605
472 506
286 95
249 136
293 236
970 168
878 561
809 110
566 829
245 124
447 784
356 827
140 248
657 34
852 923
680 989
311 353
793 738
577 331
430 145
587 37
743 179
909 797
913 730
844 822
421 963
278 948
176 778
504 391
106 199
987 626
783 949
954 361
408 333
119 847
634 721
535 376
528 221
693 573
327 787
245 721
811 590
281 483
285 315
289 824
717 280
37 998
760 773
945 661
228 188
769 487
760 884
65 578
753 477
919 770
223 497
738 951
547 800
209 291
377 961
696 843
973 161
167 238
741 197
68 625
679 19
152 556
483 58
462 528
273 808
237 503
333 548
86 228
490 917
578 68
373 888
959 961
528 945
856 350
18 911
807 653
687 971
869 980
754 532
592 455
919 164
358 954
464 842
193 268
212 24
70 970
877 474
224 486
866 45
369 707
776 285
995 659
631 416
658 865
37 356
634 416
875 86
469 649
648 984
202 308
844 971
336 782
493 349
140 962
624 293
607 548
990 436
774 641
7 635
845 532
495 879
922 303
432 31
585 47
894 35
608 920
371 34
29 760
745 581
894 434
287 800
181 301
879 314
664 777
77 204
242 281
444 797
376 955
68 913
766 200
713 476
586 594
879 427
556 126
884 275
480 617
104 837
656 556
896 91
972 718
243 314
324 729
553 785
883 467
104 99
515 494
489 559
588 269
38 810
76 249
332 83
890 549
691 556
229 981
214 107
38 133
422 36
905 99
265 495
88 646
730 253
477 620
703 258
303 144
970 447
329 525
244 68
49 958
726 976
14 460
17 408
71 229
771 391
99 228
653 779
446 539
286 972
821 629
382 917
93 478
937 104
277 535
961 882
155 167
356 876
787 554
904 718
187 201
853 309
804 367
348 803
576 198
465 633
552 111
576 117
480 90
671 907
852 482
671 878
468 491
642 96
386 290
851 42
176 978
921 835
845 568
774 508
277 60
750 911
805 758
96 136
19 346
577 895
561 82
618 5
547 3
909 664
694 214
414 900
860 202
552 683
860 13
65 744
816 96
135 464
492 119
516 925
591 507
573 860
942 588
893 255
310 969
122 717
112 60
927 162
26 919
450 119
937 639
555 56
4 834
78 631
9 44
963 815
747 900
461 113
517 140
419 929
39 376
976 418
583 895
658 338
803 775
863 415
386 561
868 359
381 159
213 54
649 254
691 343
947 961
752 359
540 112
959 622
339 881
356 689
869 893
16 331
499 740
64 71
362 340
73 159
382 147
933 353
496 530
280 543
154 120
231 122
399 798
935 888
370 730
921 282
553 455
384 380
202 735
3 386
33 603
585 22
15 863
384 235
923 706
28 998
983 946
125 422
787 536
223 873
793 242
833 941
306 52
345 763
458 954
936 742
180 675
676 744
140 249
811 771
858 298
821 422
264 685
997 165
946 953
17 907
697 217
95 726
795 676
814 356
138 989
318 457
694 766
420 679
756 100
646 381
373 577
684 144
263 711
565 67
25 565
169 882
816 551
485 708
532 483
790 731
810 13
886 816
669 854
161 615
623 531
660 527
240 24
614 910
782 683
155 65
808 373
644 27
139 725
527 846
52 622
697 631
922 788
351 978
248 465
780 346
49 672
184 892
675 628
783 609
856 688
857 746
70 137
723 209
491 868
554 586
847 451
443 25
474 945
564 381
637 540
943 589
71 646
457 822
296 628
426 719
210 38
858 714
930 355
71 791
955 128
538 920
685 23
500 867
690 751
799 19
570 970
474 322
20 970
367 509
873 408
299 381
214 384
324 448
890 957
799 278
161 229
489 272
589 221
147 310
573 900
668 748
579 152
910 593
802 102
327 705
437 385
403 17
367 832
579 104
427 247
656 493
679 214
632 884
798 789
413 297
368 284
275 184
411 785
833 358
568 245
956 612
8 428
282 535
749 179
235 733
680 638
682 20
913 589
299 620
73 440
807 664
200 816
293 6
832 472
481 302
880 500
537 821
115 789
779 848
212 25
140 270
183 744
59 422
41 215
813 625
540 303
585 914
329 172
438 990
828 82
166 585
922 923
83 413
670 969
453 243
844 964
629 106
844 387
995 624
512 770
912 108
954 411
457 833
221 232
663 497
651 457
457 978
811 655
791 429
228 619
504 275
983 901
286 335
689 92
200 12
954 253
172 82
870 57
498 262
267 174
729 847
860 231
110 386
491 652
590 904
793 170
462 319
618 433
620 743
669 771
879 426
312 420
849 131
524 413
391 662
582 687
72 292
366 74
171 40
410 956
51 750
167 677
879 136
71 91
492 808
66 433
30 268
418 498
185 485
995 276
117 400
542 491
303 445
694 678
424 762
115 51
617 443
564 214
513 528
626 443
865 849
801 577
223 27
406 553
777 395
669 877
817 954
696 53
347 727
445 126
429 537
749 464
808 446
591 604
169 100
958 292
156 870
838 270
296 151
863 233
79 670
853 323
353 346
782 833
804 281
847 357
114 811
101 835
175 280
733 286
511 336
798 232
188 149
85 572
83 441
529 183
469 684
609 129
572 115
828 485
867 601
649 750
130 297
671 873
175 638
287 80
542 734
67 762
563 737
841 967
658 759
65 622
651 322
29 554
598 933
859 743
162 397
988 1
956 388
662 326
975 261
301 459
979 830
354 654
79 650
147 400
828 553
834 554
746 238
652 387
552 571
517 567
908 789
36 899
945 732
507 303
570 195
328 682
256 135
266 352
855 38
507 412
751 113
906 336
825 959
860 527
795 584
320 616
583 745
512 150
164 649
381 669
99 468
597 445
389 792
781 518
449 37
303 198
471 908
407 356
673 374
782 144
82 560
38 384
79 604
26 584
298 469
173 743
925 770
360 792
878 680
257 692
147 520
991 395
830 783
524 590
212 482
306 91
415 719
994 44
45 702
535 447
719 386
597 866
749 615
885 39
558 887
200 576
168 309
238 858
867 629
979 15
27 618
306 415
163 122
918 110
366 599
221 208
957 604
137 923
565 578
345 984
514 11
932 270
497 693
97 339
764 749
340 945
686 864
418 7
182 84
148 236
793 241
206 94
43 977
55 335
651 388
996 447
190 498
319 170
397 780
768 928
717 451
651 989
432 917
487 368
608 286
809 583
612 382
738 913
25 554
446 186
854 279
525 845
603 21
180 450
74 845
56 208
932 849
954 745
424 916
481 837
100 57
543 633
341 817
145 543
968 517
476 984
609 789
118 454
61 803
543 557
263 855
323 641
476 766
296 396
424 321
591 899
856 324
655 486
397 434
676 923
246 3
319 757
123 308
442 668
886 211
465 349
311 498
22 771
387 386
481 483
136 642
30 408
253 607
115 610
153 833
5 992
980 114
66 718
305 910
315 213
856 661
796 540
690 59
249 857
710 958
417 677
549 372
236 561
850 309
173 836
2 780
70 424
953 708
145 519
223 942
79 138
798 444
410 485
488 925
470 541
72 220
471 204
492 33
44 151
519 258
489 501
16 899
396 639
37 787
478 959
121 636
279 826
618 90
376 929
86 604
537 208
774 231
618 493
546 158
693 477
489 279
487 772
128 491
59 517
25 917
920 998
560 445
691 933
964 407
741 195
265 96
731 469
713 866
221 895
4 795
207 828
812 626
711 85
5 511
668 825
473 231
735 155
938 955
924 122
118 30
375 280
201 557
240 5
22 973
798 172
978 783
796 188
134 831
244 542
92 897
240 916
592 441
795 124
139 752
572 266
762 104
853 287
452 664
753 603
66 722
553 220
81 707
295 146
514 209
515 152
634 232
337 490
235 471
897 840
291 457
555 884
900 331
115 781
483 849
146 613
980 475
379 640
197 799
989 275
993 848
812 236
832 722
923 653
582 386
31 408
681 979
426 450
135 494
985 849
713 450
988 860
864 850
457 668
497 863
455 610
798 197
401 657
437 115
76 277
97 130
224 608
722 291
742 806
251 793
911 287
381 406
57 64
898 662
424 989
815 792
782 488
506 697
547 677
397 566
347 411
388 207
517 150
800 886
13 631
125 755
643 704
47 681
95 975
406 558
887 35
526 783
378 209
70 649
105 800
491 338
260 167
333 855
763 238
411 53
285 532
203 405
348 616
330 943
916 938
403 601
353 262
902 653
464 921
446 537
1000 843
252 984
625 338
924 380
366 497
496 665
683 655
387 474
753 351
779 972
176 615
446 891
314 765
420 460
382 196
93 111
521 337
600 381
174 208
253 873
73 451
789 404
457 892
121 463
220 913
839 695
440 937
149 15
885 277
448 664
803 30
3 582
546 484
51 958
234 264
567 94
826 84
102 255
833 880
885 567
851 507
120 367
875 513
803 380
94 883
129 797
332 828
116 923
851 616
394 171
177 553
436 994
368 1000
727 647
445 620
941 551
156 481
324 575
863 618
904 483
7 365
225 918
63 402
70 548
356 953
12 972
772 698
144 304
722 553
27 485
869 342
820 174
472 852
826 635
938 81
80 361
797 794
561 39
982 398
702 169
890 281
28 120
481 571
326 381
364 960
237 334
147 666
630 303
558 696
354 106
706 503
209 821
469 267
878 681
537 835
274 363
147 523
222 77
829 507
26 504
154 309
283 475
127 745
572 323
369 568
31 45
155 133
752 71
588 725
469 944
407 811
763 601
329 107
241 717
671 703
603 797
213 729
885 215
526 225
927 470
729 635
370 555
55 406
832 892
634 696
804 242
600 584
245 586
107 601
129 95
542 924
765 244
567 481
352 898
664 835
24 34
685 979
851 407
266 35
16 582
43 551
414 778
863 569
610 270
246 981
451 982
308 184
919 872
777 151
618 571
711 522
380 842
713 837
475 566
21 910
351 395
100 137
941 813
713 982
61 60
971 310
240 316
259 754
117 566
427 932
303 229
714 540
803 805
454 787
356 625
378 9
485 851
179 472
19 387
982 684
294 827
84 347
691 437
216 83
605 711
991 494
559 234
749 296
71 316
539 150
141 31
670 832
64 820
821 589
187 304
889 78
541 685
567 941
505 120
628 685
168 131
22 98
689 999
248 177
896 647
635 264
701 664
116 488
616 912
968 313
822 692
14 881
73 411
5 624
538 119
222 756
176 924
36 376
185 930
59 969
417 375
850 999
353 581
655 754
430 707
370 931
988 889
516 960
976 913
416 593
850 886
169 276
273 105
146 625
533 387
664 206
114 189
298 820
179 507
879 118
458 702
95 679
519 193
479 772
470 73
171 15
208 984
915 29
701 947
744 73
179 278
695 806
863 320
204 195
703 235
619 740
670 480
785 165
571 921
12 398
757 638
563 301
327 666
543 771
105 787
843 491
973 738
692 894
473 896
19 524
781 768
558 611
760 443
235 906
207 224
961 772
481 975
792 214
74 151
496 717
721 144
62 652
754 836
169 723
371 408
414 148
947 441
669 144
84 819
106 151
343 710
119 217
571 291
720 935
810 837
154 801
564 378
827 10
370 627
277 37
262 315
86 345
72 249
914 950
774 422
138 460
841 779
71 906
590 910
44 22
410 664
251 570
305 454
20 95
993 561
668 835
80 183
33 476
733 527
82 199
100 412
484 51
94 777
842 921
60 582
775 447
659 350
973 322
962 245
983 297
455 144
256 586
898 953
977 912
652 956
449 95
161 707
865 830
908 741
325 565
643 592
888 799
67 723
853 111
395 651
69 560
415 580
844 294
421 499
593 610
170 693
286 819
51 74
1 673
678 165
130 327
369 531
409 388
942 286
672 270
451 769
269 912
400 193
681 80
240 768
601 265
875 166
801 863
822 931
309 788
60 407
98 277
904 576
220 408
732 980
698 612
1 508
257 874
735 707
365 347
460 995
889 247
94 299
374 633
277 777
822 287
684 742
296 703
480 460
499 472
411 120
889 864
118 626
746 955
803 176
809 812
770 475
167 521
560 939
888 40
282 945
408 55
409 738
727 422
835 266
771 588
557 163
405 854
300 396
453 698
150 650
11 336
394 168
877 535
733 531
246 974
431 552
824 332
473 354
328 571
459 275
901 328
741 137
389 100
87 267
380 247
702 316
118 423
464 314
462 292
212 112
821 146
381 667
311 804
169 795
631 255
299 648
302 537
251 243
531 37
833 221
670 568
268 552
91 414
511 818
558 697
299 950
340 170
58 871
424 389
562 663
653 812
142 275
201 885
446 901
286 702
770 891
240 812
224 417
960 21
687 226
651 108
72 629
839 999
257 965
495 605
46 73
766 760
89 938
387 727
941 164
724 212
582 149
746 780
728 783
567 878
948 796
371 193
244 113
60 167
173 75
323 866
968 365
35 54
890 599
71 812
348 215
701 597
566 55
614 158
181 497
326 762
828 600
8 793
903 14
994 222
154 571
905 819
578 619
569 600
551 536
682 729
149 260
838 498
542 869
318 310
683 370
452 331
848 368
594 396
243 326
206 894
134 235
229 167
803 744
73 907
367 809
261 617
30 315
233 717
273 550
128 303
312 188
316 668
561 575
548 771
255 921
510 946
424 549
433 809
160 239
269 387
949 289
308 479
950 538
238 792
539 557
117 585
355 92
174 512
428 784
565 241
895 606
758 158
535 537
846 714
83 582
75 604
543 814
986 969
735 54
717 615
283 9
368 621
322 576
967 368
457 511
295 971
922 787
929 571
37 332
149 642
761 112
408 516
836 716
800 490
486 973
966 443
469 753
509 420
643 100
936 250
25 317
887 991
129 289
439 78
187 17
923 389
548 62
898 221
496 799
193 785
635 508
20 870
646 758
194 721
391 905
508 524
154 543
604 27
509 857
467 893
314 345
426 383
72 821
719 619
975 541
544 933
673 775
697 137
557 685
275 479
485 631
1000 54
724 248
711 600
930 257
289 143
113 963
310 551
262 698
356 161
673 97
730 114
511 519
916 707
699 693
78 690
748 626
556 500
513 521
973 482
557 704
890 495
728 510
764 260
503 336
344 455
222 488
888 772
479 475
383 685
448 421
873 644
550 26
957 252
544 79
853 930
532 736
754 528
956 820
829 34
815 115
377 99
4 115
903 748
978 702
649 614
279 295
31 838
326 774
907 220
809 360
461 549
836 951
267 372
801 924
107 373
309 977
510 114
59 246
421 995
850 279
634 654
159 187
993 229
104 540
806 901
736 106
846 394
387 973
510 962
693 541
430 621
76 561
846 53
404 8
239 293
236 225
542 786
689 462
964 64
732 420
972 635
947 911
513 937
524 860
190 283
392 430
696 764
533 279
609 625
778 494
66 396
499 725
328 623
920 883
464 351
301 945
30 642
76 68
498 946
264 70
281 936
882 693
904 182
388 495
801 274
109 157
368 25
852 955
155 413
711 128
198 349
827 655
397 35
23 386
740 656
583 74
625 336
153 541
687 88
844 517
149 585
800 419
692 625
399 366
280 169
933 329
496 746
26 55
743 358
357 551
893 597
979 633
684 592
64 285
304 268
804 73
163 67
92 427
760 133
745 471
252 205
49 88
837 15
305 182
253 216
14 814
291 487
148 356
59 899
791 434
371 149
233 148
290 181
8 894
246 946
707 956
210 380
266 186
987 348
699 192
187 736
115 9
760 978
82 322
971 704
479 61
492 374
168 807
885 678
837 579
362 613
517 581
895 665
556 892
962 167
893 477
217 868
489 527
204 38
591 650
99 328
626 849
363 591
240 274
433 187
907 968
416 941
604 694
421 180
207 615
551 809
235 678
640 636
753 626
860 991
496 74
919 266
614 998
711 100
913 181
786 445
145 67
916 840
421 406
114 616
808 916
71 346
273 167
717 957
437 860
848 541
662 969
101 787
619 858
253 696
308 943
827 905
774 912
169 359
942 426
236 697
356 552
810 760
943 964
106 861
88 448
325 14
225 185
568 953
608 870
684 715
266 892
580 283
29 523
211 728
654 858
510 356
239 174
775 962
408 20
979 735
535 170
125 19
197 614
682 710
112 898
422 597
530 786
824 523
213 467
972 643
534 168
479 925
851 518
104 897
142 743
586 761
916 458
935 414
993 745
393 279
46 855
309 239
437 474
864 634
156 374
138 985
463 719
155 694
891 128
640 314
553 527
330 688
38 193
43 861
270 20
237 415
809 806
973 791
751 586
627 984
630 265
317 400
429 606
175 14
861 635
10 999
507 711
456 595
697 635
516 217
479 442
404 723
369 730
674 979
925 923
17 134
40 33
795 435
743 345
288 703
788 808
934 602
297 551
616 771
274 785
663 489
850 304
745 542
338 790
11 846
563 685
729 597
253 815
749 874
112 625
721 549
59 90
22 322
336 581
814 990
818 293
864 107
22 317
426 602
923 674
798 306
589 503
629 982
337 62
367 110
208 301
45 406
157 252
216 808
396 832
898 542
573 896
78 358
2 721
15 515
137 449
57 154
816 665
411 671
322 78
696 831
402 54
497 508
669 20
18 980
324 791
757 140
748 898
160 123
325 607
769 983
614 991
439 990
491 419
544 465
138 686
507 901
450 590
916 874
565 502
839 251
614 825
602 621
236 483
164 128
644 906
934 772
102 508
212 148
861 865
308 871
278 11
348 971
113 725
724 158
62 797
144 506
296 709
922 185
465 306
969 226
389 237
845 527
846 280
194 643
926 720
374 829
909 542
90 592
405 207
380 809
881 980
970 623
183 334
124 435
667 645
836 116
345 567
197 574
845 194
873 182
707 225
87 3
684 215
388 916
940 361
789 821
252 49
219 312
744 137
790 970
792 319
354 496
774 886
473 38
793 405
412 71
659 62
329 679
584 489
386 550
613 651
943 382
967 132
98 239
830 132
703 414
378 79
218 564
301 516
312 689
578 212
510 135
911 754
991 288
387 78
286 832
16 356
771 468
813 593
912 174
620 922
608 637
670 251
866 894
649 641
407 881
718 688
59 164
576 74
408 492
245 337
379 835
70 356
879 534
827 187
524 121
28 872
606 709
438 75
242 584
477 495
690 288
374 793
90 564
515 407
438 506
814 881
214 605
175 969
358 167
842 630
659 762
224 675
242 810
8 974
150 537
635 705
600 700
964 165
164 596
94 886
438 260
812 497
745 18
376 587
252 230
34 913
915 776
203 554
561 896
767 148
684 755
547 578
255 999
19 29
954 339
961 356
815 513
342 189
644 383
958 27
320 411
337 595
304 239
748 955
180 191
614 265
518 739
1000 700
44 961
541 307
947 964
680 713
352 522
289 560
801 543
97 706
861 903
934 861
97 826
723 986
338 452
326 173
153 873
45 715
980 90
981 399
50 35
692 598
326 828
978 647
721 483
412 781
72 966
926 10
3 376
975 86
281 126
562 217
598 763
749 901
182 270
907 248
685 157
978 425
335 804
942 244
713 44
396 744
989 295
499 39
465 395
638 22
785 728
56 664
495 19
836 61
15 632
972 557
664 838
23 641
668 790
317 78
120 246
256 200
111 80
618 29
313 755
669 380
707 185
357 496
910 887
750 377
437 424
55 617
169 714
707 70
636 352
618 663
270 328
310 601
578 297
835 170
711 519
712 447
252 488
843 663
772 665
631 300
498 872
126 908
397 716
311 778
386 639
612 47
80 328
445 192
602 453
659 118
311 699
708 462
248 649
752 297
155 12
424 468
796 84
36 705
865 639
744 400
886 215
9 527
231 294
948 446
166 363
476 399
829 141
904 828
965 861
87 947
970 37
205 984
847 345
65 324
362 196
514 201
337 386
11 833
763 836
349 169
770 494
756 187
558 113
339 317
654 644
553 63
37 654
295 414
776 175
745 319
466 840
158 914
694 224
185 784
646 922
577 826
906 976
391 792
68 955
293 794
148 115
228 801
394 159
932 915
312 380
812 441
264 767
228 176
212 797
450 150
697 143
169 550
976 178
502 674
695 541
55 994
332 182
698 727
228 406
32 361
640 360
180 81
290 529
937 442
885 814
858 241
826 574
388 501
434 375
307 255
425 8
48 801
527 139
251 298
930 707
593 4
578 241
709 905
748 161
930 818
165 967
979 399
887 750
465 627
356 886
69 379
767 276
415 643
205 955
331 432
403 799
120 701
27 923
213 956
396 108
257 914
184 686
520 776
335 73
638 402
11 718
776 609
876 434
269 732
453 143
935 831
681 676
251 959
645 769
227 814
999 436
214 852
824 904
742 541
257 45
831 719
247 345
673 741
819 931
732 128
578 355
702 888
547 109
875 648
159 339
676 847
990 591
979 662
48 468
746 247
137 906
769 84
718 113
385 419
747 793
440 684
163 352
881 565
129 934
688 147
817 497
215 958
454 658
208 40
967 976
824 290
695 609
130 879
42 419
995 283
264 2
696 988
933 977
679 45
440 154
393 968
446 336
322 194
566 609
933 930
554 425
645 126
354 211
942 976
543 851
36 571
517 436
939 494
445 897
467 417
485 872
75 228
938 810
759 150
890 227
675 981
431 171
913 88
161 915
970 155
771 326
610 226
592 409
210 532
445 347
342 717
734 67
648 362
758 69
649 567
541 737
800 421
196 598
351 67
35 336
625 432
927 49
992 925
499 74
704 1
631 638
101 735
84 995
12 64
168 350
154 145
123 828
487 311
400 881
475 471
975 482
353 823
957 119
487 213
106 25
34 490
811 750
938 928
297 792
601 135
157 528
28 920
571 46
440 540
609 471
427 886
863 36
767 930
20 911
68 966
691 360
766 238
141 889
59 113
816 151
820 997
622 425
219 406
690 688
420 623
447 174
553 887
660 61
8 700
389 97
973 355
639 844
108 644
553 529
350 857
441 739
351 32
434 428
569 223
473 178
274 69
312 880
616 222
912 719
565 267
882 641
440 688
544 26
981 59
602 256
195 874
456 938
757 957
847 550
575 759
335 370
587 45
459 702
464 776
619 860
982 590
785 2
986 645
476 347
630 124
135 584
448 828
526 299
291 214
3 234
858 394
25 294
79 927
923 269
927 333
147 622
110 771
747 222
976 764
774 579
991 987
689 217
792 52
128 887
542 590
106 396
1 104
241 675
318 569
764 601
211 587
488 836
509 946
898 393
132 677
774 252
394 248
930 22
932 939
860 347
162 926
72 353
664 101
829 885
167 114
668 565
1000 221
708 790
427 649
379 136
198 844
309 237
630 754
482 354
209 474
742 716
66 101
912 781
469 88
569 138
110 75
916 665
97 665
402 768
514 864
874 622
644 227
46 244
920 587
540 908
264 239
165 81
493 708
921 787
903 999
501 726
86 445
52 709
329 344
937 25
761 445
852 876
89 376
133 987
313 896
957 439
117 394
923 203
706 761
984 459
785 238
640 791
36 928
936 845
585 841
417 719
14 603
588 580
93 34
61 457
103 73
838 132
396 431
325 479
438 790
331 834
889 172
272 372
225 308
137 954
581 63
395 126
894 14
770 414
524 145
983 876
250 848
287 821
145 804
478 928
603 313
250 963
76 415
370 188
868 643
335 718
506 972
158 77
768 897
381 284
842 798
629 758
613 209
321 497
836 304
761 963
426 156
299 422
589 765
376 755
704 216
363 747
569 452
556 838
13 765
843 690
971 377
511 512
137 120
338 950
891 174
998 838
88 689
995 132
659 36
33 936
626 401
521 11
762 689
264 60
62 216
51 340
23 266
635 18
491 506
109 839
271 456
184 482
166 278
134 816
654 11
438 694
403 372
501 94
16 378
233 222
274 574
495 688
847 655
5 958
743 494
871 309
659 790
692 920
588 537
907 170
351 589
120 813
461 546
11 799
858 918
451 468
845 700
115 867
280 716
634 653
654 758
325 324
550 903
33 572
24 721
485 827
270 858
237 733
845 926
135 84
543 107
693 538
984 914
950 123
955 275
99 917
116 797
517 424
894 404
171 401
138 42
267 898
579 445
748 337
817 496
323 379
555 324
212 376
341 771
808 872
660 905
809 561
976 46
725 749
30 641
329 724
919 541
342 774
401 208
365 159
147 788
179 487
187 586
311 738
62 272
523 750
621 255
535 691
166 306
973 642
390 877
75 167
905 418
412 662
985 204
162 872
457 299
979 426
924 377
1000 911
268 501
308 982
790 342
446 892
308 837
537 565
577 308
106 868
550 705
596 296
148 513
250 583
125 171
917 307
397 681
16 673
558 63
289 558
931 75
698 834
955 81
115 236
888 44
266 214
818 491
267 115
744 576
275 604
205 291
704 462
980 619
565 515
395 279
202 791
498 446
461 10
445 645
997 936
452 589
893 7
225 719
262 980
245 772
475 771
773 488
423 35
907 670
204 368
753 414
989 822
494 140
789 343
420 650
9 85
86 69
459 117
631 251
252 979
669 986
584 558
489 814
94 323
406 719
743 882
999 708
69 655
491 309
356 208
973 725
317 81
549 774
805 492
815 71
891 805
50 511
641 550
514 558
53 760
37 195
705 185
279 138
299 840
595 260
835 810
585 963
197 269
153 879
886 491
173 276
909 96
917 629
151 317
84 768
50 176
487 453
127 930
719 174
187 9
27 608
416 223
509 254
332 665
336 604
957 598
154 869
436 18
2 849
349 646
180 916
660 414
220 405
34 703
846 449
985 867
859 886
479 521
938 941
542 873
610 338
397 774
108 669
91 17
347 139
593 183
281 553
447 124
802 93
622 330
750 383
826 343
755 167
4 527
612 356
778 466
357 335
750 494
20 369
723 426
871 127
850 576
797 71
285 147
289 336
643 865
792 377
752 589
345 41
311 772
592 38
759 394
520 574
568 79
424 327
529 989
540 909
833 189
856 330
425 931
486 532
421 439
540 83
840 813
583 15
914 376
774 992
847 682
266 775
175 361
573 134
978 726
192 239
505 344
433 203
748 259
197 3
455 847
872 972
548 222
932 473
186 231
560 920
12 367
732 190
733 147
736 185
22 304
675 107
193 902
635 31
711 929
968 107
20 828
280 173
264 530
466 616
659 661
487 770
608 321
312 382
39 245
258 892
958 917
171 453
246 923
906 48
752 828
755 131
77 915
649 274
506 687
401 457
385 656
711 485
930 396
643 861
660 869
935 157
441 681
864 138
714 682
74 589
313 487
433 730
878 703
201 582
91 598
809 775
723 713
652 763
100 904
1000 758
449 144
268 748
36 656
146 208
130 717
39 543
388 277
874 694
711 41
696 382
787 937
681 238
814 423
887 744
969 763
416 549
188 25
210 705
796 856
447 828
658 857
644 772
268 48
733 420
473 726
206 335
79 199
745 511
62 915
488 592
24 811
811 994
67 660
414 395
987 455
716 831
663 748
177 566
727 409
733 872
71 897
423 472
336 322
353 612
543 507
710 600
380 923
197 571
590 2
538 665
632 244
985 494
107 834
272 797
238 408
116 572
102 635
357 282
693 172
587 921
414 839
609 629
802 121
265 53
712 362
971 407
75 346
627 345
613 982
636 25
48 530
801 52
52 122
53 303
899 707
937 404
77 665
580 695
484 749
344 312
270 32
863 419
829 271
811 268
407 345
285 637
969 916
181 572
420 964
837 950
464 512
212 358
967 523
70 780
148 974
222 91
60 274
728 252
675 983
262 609
565 471
199 567
383 172
735 923
238 673
900 364
61 184
35 453
597 855
838 35
723 201
112 335
530 237
98 302
260 737
634 460
28 581
656 166
361 672
14 528
269 874
185 285
186 517
7 313
62 828
654 544
433 108
987 517
76 796
883 468
872 835
135 149
482 659
220 914
736 242
607 657
96 17
224 966
991 886
888 45
145 639
822 480
989 369
595 166
499 253
418 573
264 729
225 605
229 61
932 582
113 732
21 289
205 4
531 620
767 642
128 425
259 849
668 723
223 135
360 66
623 67
579 41
512 254
859 297
717 139
90 367
612 423
637 198
427 325
618 592
216 432
142 984
109 91
242 380
80 367
133 251
88 874
711 322
568 180
380 466
425 53
190 887
194 362
8 320
700 544
575 352
495 557
810 307
169 73
62 412
504 952
452 568
294 755
425 864
816 280
175 340
53 872
114 838
210 649
158 891
457 32
187 411
188 176
189 815
783 150
322 906
75 718
79 14
317 645
49 495
258 341
633 153
427 694
687 444
763 810
246 405
162 313
589 638
936 944
24 266
810 937
689 40
229 383
67 364
999 335
92 169
103 398
817 204
926 446
517 643
664 841
91 334
135 300
428 314
987 45
988 770
183 333
811 891
959 387
302 898
428 457
603 509
750 380
328 717
989 744
994 818
684 154
855 195
985 779
768 197
473 321
91 830
536 161
771 593
547 611
270 254
56 70
976 503
761 775
393 273
171 269
26 661
482 467
31 322
322 264
985 504
839 493
289 433
143 266
181 707
187 906
316 878
669 814
874 960
14 29
965 517
550 243
601 207
402 259
701 381
683 926
425 930
174 743
863 159
360 649
531 290
454 55
274 329
337 212
796 198
292 421
974 697
71 930
525 145
639 311
269 979
3 187
418 638
734 168
945 375
862 268
415 236
151 69
93 962
807 716
908 419
270 892
71 783
516 680
261 519
629 740
769 220
935 715
612 596
808 475
671 221
655 760
233 993
324 456
891 453
976 919
911 639
55 932
379 328
647 480
988 742
880 396
797 264
85 534
181 99
151 655
759 730
371 653
973 914
381 636
254 762
937 558
220 958
186 634
760 603
483 212
618 537
821 413
750 122
473 462
809 612
402 50
702 249
189 282
299 326
188 423
835 280
881 642
862 650
696 946
678 404
293 300
705 804
423 601
415 985
17 282
400 430
757 632
739 197
117 729
522 677
299 612
874 804
454 128
290 865
187 519
78 960
784 595
415 767
849 873
787 936
948 733
657 695
390 811
943 53
467 228
737 710
224 511
80 883
409 291
122 274
586 421
163 332
491 171
455 524
439 395
850 494
888 709
230 276
31 845
272 180
515 112
28 657
837 133
141 398
642 405
236 524
311 98
225 229
987 425
647 646
384 316
24 723
794 507
228 531
286 183
362 197
369 26
777 644
232 485
285 357
162 464
163 793
715 804
572 683
721 807
38 758
771 743
96 451
41 552
172 872
498 923
683 380
594 337
557 626
190 284
707 114
394 257
604 794
697 168
181 71
286 928
772 574
521 506
116 684
355 812
651 875
566 346
473 441
860 547
184 68
261 64
209 407
872 899
311 990
366 287
683 171
192 590
147 790
223 3
904 187
999 674
321 31
303 155
985 48
325 575
281 909
347 815
22 625
815 316
818 752
681 184
40 816
313 732
761 394
981 149
819 38
692 856
216 17
432 324
198 225
992 690
574 936
442 607
482 876
319 744
72 752
491 562
754 640
776 290
838 32
311 160
406 220
728 906
158 557
766 710
714 101
435 636
845 717
372 33
615 935
796 579
379 839
430 833
979 873
590 675
165 572
738 494
499 478
923 576
822 374
897 941
712 876
224 967
421 787
408 142
132 829
153 382
228 902
121 562
196 164
876 710
327 978
608 44
512 713
681 816
744 444
581 791
506 915
477 884
536 424
812 493
289 104
326 741
402 713
958 850
407 239
466 704
929 184
256 270
830 360
963 905
655 839
654 84
125 590
517 866
590 424
773 136
903 111
117 974
597 468
359 897
19 142
864 689
683 151
425 171
482 460
467 359
926 679
428 810
394 662
624 621
380 467
131 473
316 843
998 927
14 6
921 683
75 52
882 700
334 867
133 412
302 509
435 156
438 717
60 311
300 742
955 860
486 761
253 706
389 246
93 313
573 15
867 270
782 805
37 338
738 33
435 179
667 231
607 321
117 213
154 65
547 490
984 272
913 756
552 52
760 817
790 82
505 668
153 56
973 819
492 751
563 709
656 417
529 949
734 122
309 645
367 371
371 116
906 681
755 794
760 900
978 199
11 148
156 755
379 574
789 109
849 178
195 64
712 118
967 742
224 688
635 606
470 181
7 902
910 749
416 369
414 924
179 889
422 443
958 217
940 444
262 720
601 636
428 744
488 259
424 555
556 748
726 196
69 847
839 351
939 269
56 807
969 962
627 558
170 341
977 611
377 367
29 398
732 513
913 251
680 538
523 808
321 880
451 929
35 702
958 776
273 245
645 341
4 355
246 799
635 361
131 326
175 250
676 445
571 705
808 269
756 561
978 581
995 865
430 44
515 902
978 724
5 1000
586 17
783 665
897 602
770 200
629 413
422 416
425 637
465 696
343 571
625 718
517 887
340 767
894 162
896 525
453 312
612 887
409 898
799 117
620 982
548 139
932 298
664 904
629 800
991 841
230 181
547 117
34 128
510 389
601 160
276 69
833 896
612 80
188 665
711 931
587 985
885 744
233 881
343 747
287 596
648 762
377 513
650 424
474 630
104 199
671 498
216 732
68 837
142 708
453 781
95 684
976 182
740 215
777 811
765 356
12 828
489 569
114 406
133 16
18 139
302 889
32 365
56 99
790 914
152 566
544 264
752 619
973 76
574 948
600 492
706 20
531 99
757 583
169 230
668 216
317 38
744 878
319 616
711 154
514 754
532 639
200 992
700 745
166 277
612 204
364 835
765 793
783 430
146 10
880 493
537 828
701 241
960 437
279 609
877 69
643 168
112 214
574 496
188 27
995 669
88 159
309 825
849 796
23 203
904 683
689 939
383 534
488 692
53 976
992 868
409 124
743 201
957 73
362 36
783 866
700 156
918 207
125 384
508 397
35 103
509 164
168 388
318 922
564 982
871 250
728 636
894 41
509 21
668 948
430 631
822 437
915 533
142 203
774 296
281 453
751 589
147 492
3 880
357 419
593 253
356 109
363 827
146 211
646 16
392 291
782 496
787 410
701 131
493 69
111 362
797 13
311 985
147 936
322 471
343 643
557 653
138 621
482 408
726 127
602 441
86 286
915 284
311 767
524 601
868 452
706 491
784 491
890 233
702 644
645 284
98 91
830 792
616 388
801 630
456 513
862 137
240 936
256 909
832 172
814 492
305 483
230 727
455 518
342 705
311 306
404 656
757 238
848 710
45 738
892 791
990 380
947 427
235 141
36 74
185 656
554 523
956 171
248 240
926 535
84 862
378 639
328 136
330 506
573 430
277 209
228 673
317 720
563 744
379 823
768 512
70 488
110 581
571 181
720 777
791 968
168 608
187 204
232 435
567 33
390 114
565 512
819 816
4 577
900 286
761 236
690 575
788 400
830 603
807 301
968 820
487 836
91 167
477 32
901 288
538 618
189 526
831 163
744 347
467 916
907 659
212 150
223 307
542 445
927 749
682 800
96 701
995 315
373 627
761 730
264 104
526 832
484 643
697 278
848 870
251 622
339 541
47 212
36 603
753 991
26 593
354 98
429 628
840 933
285 752
326 388
933 164
520 23
762 982
853 509
726 869
340 32
731 977
899 253
3 48
938 669
79 837
464 780
304 625
947 233
876 65
288 570
53 886
258 158
798 963
452 728
435 554
240 690
225 66
830 737
638 514
653 152
785 318
269 655
291 171
55 130
700 213
614 439
482 706
581 182
193 669
14 925
36 253
55 51
756 172
738 499
41 577
44 288
997 646
869 267
563 708
605 65
254 177
845 978
775 939
250 824
178 686
381 18
571 78
55 465
37 870
486 127
738 725
483 766
10 242
998 131
299 376
506 837
837 271
286 31
589 350
57 309
519 55
632 191
580 39
638 263
950 465
73 547
855 775
834 694
986 493
15 357
346 76
169 717
467 944
431 725
547 660
678 638
110 12
94 625
80 47
544 638
928 285
745 504
19 60
314 993
20 483
242 271
522 941
743 941
48 988
213 510
751 893
218 292
717 830
791 539
62 205
688 524
908 725
195 556
611 404
652 722
891 996
929 647
697 675
237 298
558 105
277 883
994 487
709 912
182 816
184 441
57 685
810 277
83 685
364 194
684 865
574 469
577 471
407 982
781 229
988 495
993 391
463 47
598 574
662 987
314 701
921 339
282 415
589 830
182 380
810 873
296 512
818 480
397 103
858 661
79 157
908 349
548 180
201 532
7 33
64 633
98 219
825 634
828 635
324 438
110 351
845 216
999 368
333 4
431 907
68 823
346 560
96 424
115 372
925 241
484 7
696 743
532 85
907 731
674 162
919 644
315 852
462 997
837 807
768 338
421 953
722 745
227 221
632 132
468 721
730 236
273 805
716 15
934 466
611 291
460 333
541 212
313 597
891 896
668 797
571 782
660 565
297 73
207 458
134 820
875 404
625 173
331 294
994 122
44 789
373 111
412 573
771 510
990 246
349 150
26 171
566 108
249 34
736 540
678 403
731 985
875 721
499 678
547 468
75 571
912 462
831 788
667 863
230 485
306 461
913 691
880 938
810 845
225 251
153 70
690 423
233 272
382 435
900 57
776 836
427 752
870 164
708 263
453 428
426 568
285 355
572 677
632 136
119 586
968 54
446 621
750 728
309 567
717 305
521 542
980 895
103 642
333 441
794 957
312 760
636 314
441 1000
651 877
47 620
213 340
329 847
761 844
303 719
883 941
506 305
252 301
34 728
526 818
555 102
848 236
976 433
84 916
565 129
803 788
972 133
961 444
515 517
950 884
865 728
630 802
22 631
78 947
687 771
9 872
212 353
160 268
94 133
686 754
19 560
959 716
212 71
640 804
239 878
188 56
28 465
892 784
462 951
770 798
349 107
442 447
758 201
338 252
233 466
140 10
895 32
842 188
970 969
704 181
742 349
672 595
69 13
14 902
219 944
770 32
535 224
871 136
653 341
932 284
71 832
383 626
186 154
813 15
427 732
782 545
693 713
608 959
348 378
367 462
208 461
760 106
500 685
831 805
713 276
573 736
84 207
915 929
827 381
851 627
418 330
367 797
280 279
389 475
427 152
530 715
967 546
132 371
885 961
530 602
267 640
821 105
459 152
481 928
578 334
192 573
363 580
950 566
94 436
62 214
941 849
956 550
223 97
856 370
433 743
734 375
610 929
94 214
919 259
463 903
451 967
14 439
537 842
365 417
420 628
774 115
562 655
283 466
178 132
531 376
918 328
829 99
260 930
338 446
744 581
230 752
726 725
965 867
107 135
19 701
918 315
995 724
458 300
302 76
51 154
487 112
344 962
164 85
232 867
874 318
453 177
129 283
295 658
41 567
118 551
14 36
58 274
259 376
232 429
703 373
267 2
827 74
497 675
719 968
704 447
249 534
984 991
725 405
556 283
793 255
387 778
927 140
487 901
384 4
21 465
388 564
530 781
472 765
720 419
137 349
215 908
876 970
552 912
889 607
932 859
220 981
773 345
726 363
319 771
267 684
471 580
311 915
186 980
207 802
340 801
427 418
624 572
520 120
169 895
761 757
647 598
758 440
857 138
285 945
469 212
587 273
270 31
57 978
39 742
958 302
248 655
912 544
952 865
290 856
630 256
633 540
562 544
140 398
69 496
512 338
192 965
429 1000
178 168
770 932
952 959
884 570
153 990
575 615
856 27
951 660
93 140
918 455
389 369
762 205
410 166
598 575
691 203
784 935
456 312
153 248
705 443
927 300
748 383
988 270
188 966
559 305
712 728
896 527
669 508
665 351
387 584
245 644
410 491
283 875
214 701
253 153
570 333
805 546
629 814
427 804
323 358
966 639
578 835
968 111
149 806
464 77
724 692
525 901
512 492
489 715
110 207
807 287
141 746
884 434
100 481
191 10
