1000 9877
656 587
324 745
308 246
94 707
648 587
77 911
775 338
209 287
651 832
46 890
228 91
894 606
275 84
354 487
337 755
109 399
381 746
954 514
539 656
367 555
260 407
268 906
126 978
539 882
238 828
386 605
403 361
339 615
29 511
986 770
291 712
421 117
378 699
13 811
596 629
633 568
977 734
813 736
515 710
53 651
455 747
882 597
202 493
279 89
248 393
429 972
359 399
568 316
37 135
960 38
676 290
515 996
827 950
705 278
534 927
748 460
386 163
823 339
112 517
810 842
872 875
859 615
344 728
182 200
275 982
22 353
723 468
600 393
940 741
858 693
140 724
805 710
93 852
443 397
941 390
375 590
656 378
59 861
871 986
203 694
609 687
760 702
85 582
871 555
55 873
346 146
533 430
807 259
739 729
132 218
727 104
642 758
293 538
20 326
829 952
20 309
26 822
798 892
527 422
358 823
252 302
74 538
402 21
167 279
425 332
703 161
227 248
337 616
925 359
378 372
51 262
991 250
891 62
565 305
70 753
553 729
551 322
440 905
705 950
71 217
678 67
239 907
38 482
616 390
951 574
623 717
184 174
835 821
540 262
762 146
837 434
993 462
535 542
463 486
586 87
549 161
642 453
491 793
899 462
600 327
733 53
573 428
723 3
784 141
174 626
702 911
638 253
620 536
741 118
555 731
298 576
353 555
232 452
341 750
492 782
495 249
435 66
194 896
747 564
821 293
125 248
841 703
971 20
863 958
845 159
577 488
246 852
176 266
341 960
786 719
113 673
890 875
161 43
910 236
542 419
18 263
610 749
256 432
795 581
655 241
489 896
441 741
388 36
137 252
69 761
513 585
570 522
402 136
739 177
830 216
423 610
601 176
243 193
216 210
911 825
844 492
352 914
294 789
749 425
252 903
36 724
553 326
771 283
540 68
544 143
69 428
454 22
18 858
844 722
776 370
65 285
448 131
47 421
452 587
566 899
454 489
992 960
296 983
10 813
874 428
2 153
982 743
44 508
118 693
531 547
214 948
55 156
850 324
318 886
214 807
529 793
197 187
148 401
422 784
538 25
300 180
482 691
235 393
474 707
831 525
312 982
756 479
989 337
737 312
385 195
996 467
816 169
102 842
968 116
437 159
774 94
963 187
926 64
470 857
254 992
863 914
686 589
980 874
835 92
81 495
523 272
945 524
109 281
272 1000
203 860
406 787
414 530
739 975
688 447
906 458
469 98
34 513
734 566
645 47
835 433
375 408
821 878
750 188
121 52
919 433
668 247
565 361
354 518
878 736
464 972
505 144
856 663
571 853
832 359
597 41
551 194
748 203
143 933
852 60
731 389
504 839
305 810
982 620
293 273
205 977
540 334
887 545
619 207
468 559
549 232
199 547
257 824
849 838
25 260
922 58
740 773
231 914
476 91
257 119
957 516
463 335
638 347
315 460
196 473
324 22
551 721
721 686
723 424
559 534
15 564
599 209
393 740
301 915
395 338
7 582
827 311
702 673
793 331
955 798
245 854
67 106
929 283
973 114
133 891
445 569
308 247
55 985
350 885
630 822
741 103
542 104
764 200
103 894
61 634
959 129
959 773
713 879
181 769
402 46
720 61
294 224
41 594
530 306
238 829
166 46
521 13
703 285
943 354
783 149
381 971
455 452
937 349
957 130
316 782
99 102
669 782
710 442
222 96
23 369
575 676
506 223
259 7
297 216
672 508
179 220
716 91
1 716
878 990
149 572
938 595
705 356
615 729
342 782
982 904
966 13
757 641
753 592
19 756
280 564
406 52
210 845
871 384
68 435
139 7
417 749
35 266
827 806
910 106
540 449
173 848
59 1
405 501
318 219
873 437
638 375
595 32
64 552
104 517
709 232
894 44
417 440
127 583
475 238
383 553
77 366
884 66
334 824
822 392
590 916
888 132
812 118
137 698
851 376
410 750
183 503
228 204
724 713
727 250
842 560
588 278
180 367
882 321
593 242
595 604
372 675
750 312
772 570
8 647
284 332
178 715
53 185
938 209
460 141
940 391
377 601
603 199
967 862
114 264
242 341
886 938
8 485
713 916
623 377
367 703
631 130
498 570
563 482
364 983
402 308
813 790
430 286
236 25
662 581
365 443
494 673
796 155
691 503
710 305
490 668
1 703
532 653
352 725
334 549
191 848
406 450
973 926
978 520
761 232
303 731
255 242
110 285
14 533
842 186
149 818
131 859
480 87
387 741
617 634
562 45
945 179
818 131
323 739
395 222
733 52
457 873
700 163
408 355
906 558
853 907
927 116
72 176
736 247
461 802
577 985
462 69
476 386
272 449
42 955
629 997
135 438
431 879
927 170
189 717
234 383
551 622
737 396
336 291
966 192
750 762
823 890
863 953
42 733
777 902
39 879
506 526
305 444
794 927
120 721
40 72
623 78
570 838
901 277
976 113
892 61
588 294
238 155
407 410
726 188
263 726
235 627
108 643
40 611
259 643
721 348
960 564
152 625
597 321
284 118
813 654
74 654
666 842
203 916
960 675
83 948
130 108
487 116
437 897
95 165
619 567
965 591
87 833
572 487
274 350
776 228
837 942
426 880
314 578
353 168
64 37
909 9
583 182
142 392
883 744
169 366
64 84
629 102
553 240
992 944
865 166
684 926
521 293
761 117
283 621
103 34
654 406
306 256
126 129
681 340
847 99
671 817
693 777
895 343
606 798
572 922
339 297
300 91
107 709
514 31
495 170
462 417
586 957
146 862
456 218
637 478
489 406
950 37
310 132
647 127
950 468
882 310
510 591
376 62
647 396
613 473
63 197
690 945
655 897
146 659
935 401
341 852
712 344
214 158
372 778
359 848
914 728
523 985
21 915
316 517
62 59
337 550
394 551
143 480
806 352
19 174
807 953
166 3
388 25
234 969
588 40
113 136
886 781
636 828
133 508
265 524
528 90
550 71
917 832
679 417
979 507
288 490
899 218
282 248
601 478
710 136
433 380
913 938
168 255
44 594
465 547
931 858
842 99
477 156
775 597
649 705
976 294
376 497
818 248
214 977
782 551
879 993
557 887
331 891
760 343
621 105
63 724
31 138
270 982
917 373
206 228
214 691
106 88
896 432
381 66
793 40
614 176
176 102
987 366
56 700
993 945
157 322
732 474
492 855
682 675
440 330
723 339
617 910
615 431
745 271
474 105
475 976
521 624
4 236
427 85
637 938
638 871
664 72
846 880
649 276
209 285
545 475
506 681
752 641
440 23
116 708
299 300
985 317
911 45
699 127
419 919
829 628
407 450
143 452
570 592
458 278
847 848
671 197
393 385
213 913
198 476
880 259
593 738
499 879
136 509
50 351
109 832
75 240
900 487
259 505
867 108
155 56
585 675
200 614
805 430
576 810
620 712
726 672
784 743
270 587
978 549
182 761
176 631
13 412
895 184
588 528
496 760
170 905
335 81
944 237
457 227
476 137
904 574
103 106
123 808
71 712
275 875
595 434
615 15
600 284
250 669
313 15
396 729
344 730
788 555
367 326
611 700
135 60
375 731
799 85
470 565
382 257
419 281
45 207
160 647
432 156
489 477
841 816
626 518
807 479
615 322
56 834
780 917
530 960
909 759
841 641
479 591
426 345
825 885
792 106
42 649
315 919
506 602
937 764
829 950
372 723
963 912
13 649
26 820
977 892
337 733
808 766
346 805
929 163
690 475
556 688
155 329
898 645
639 801
985 394
288 86
489 827
660 758
882 770
77 612
27 307
320 295
798 540
307 35
330 832
972 279
5 360
892 478
83 415
553 360
97 932
80 566
726 861
250 138
624 947
57 746
701 17
377 5
654 153
696 399
643 136
191 173
23 122
66 667
716 295
24 999
867 503
136 981
746 652
305 962
841 144
14 532
279 434
671 860
207 924
452 902
969 52
879 537
455 781
372 93
513 455
20 689
148 366
729 405
742 434
304 367
653 419
527 329
825 582
1 4
704 453
375 556
301 841
711 982
370 364
704 628
617 949
64 979
679 267
256 229
332 816
315 578
432 998
470 162
732 305
169 725
546 706
498 155
137 439
980 967
431 573
33 102
215 858
364 624
327 380
721 177
280 393
797 124
610 747
368 706
446 419
78 577
706 182
744 125
226 835
497 435
958 251
356 498
87 610
808 617
777 466
136 38
943 293
801 331
819 532
632 944
27 140
246 48
681 159
754 511
312 598
773 695
558 567
373 947
653 801
164 370
438 625
26 383
743 860
824 847
250 273
252 871
562 492
377 146
709 226
370 893
995 550
211 23
175 432
404 918
979 26
687 469
18 109
442 176
285 587
968 408
788 739
907 236
167 550
495 181
996 590
29 513
825 610
953 405
20 964
42 924
519 418
992 862
690 588
968 118
849 181
632 195
167 777
928 708
640 200
92 190
147 296
462 755
211 945
103 711
287 524
881 757
298 983
119 301
543 735
124 69
587 935
894 545
399 119
959 111
561 564
547 617
330 599
114 510
830 408
373 595
121 730
915 122
592 29
227 50
429 690
319 738
195 528
839 491
456 784
56 426
342 552
977 614
193 23
599 427
469 322
199 985
865 517
368 91
722 946
530 1
587 112
934 231
106 556
80 766
984 36
948 391
109 637
457 484
849 922
131 103
616 623
675 610
41 886
351 593
157 876
835 924
430 447
843 441
644 702
576 28
794 207
905 814
709 464
287 142
537 359
442 229
315 81
266 951
215 504
552 420
755 735
519 736
501 921
228 613
362 506
487 708
776 958
186 81
812 253
427 793
923 700
999 361
345 688
654 357
850 987
327 913
536 374
255 470
775 169
360 482
747 766
768 921
367 225
498 80
320 784
467 995
211 845
51 736
256 348
78 415
429 856
820 852
768 167
143 33
254 764
76 196
960 863
924 577
172 567
161 322
218 149
890 387
707 331
817 831
378 351
661 646
403 362
646 474
230 883
644 781
449 248
964 713
568 114
477 650
288 297
161 541
256 823
633 573
379 153
83 732
818 857
287 240
895 837
967 440
910 294
568 634
293 153
372 98
688 570
287 447
752 44
990 250
667 53
692 529
266 742
874 595
451 702
453 84
455 522
171 815
311 203
738 341
885 226
244 158
632 605
268 190
770 88
2 974
442 249
407 581
488 599
15 884
607 698
439 212
941 114
466 146
756 23
673 621
326 937
328 990
147 386
898 470
112 485
979 673
508 223
807 431
234 888
977 448
907 285
363 929
163 637
518 177
332 156
393 992
67 217
587 926
489 655
539 851
186 681
392 296
943 586
782 501
731 415
700 838
664 468
42 424
426 11
624 566
907 584
380 342
18 177
761 705
373 523
602 19
549 665
62 957
809 868
278 481
117 647
412 383
568 509
736 879
458 237
921 723
39 568
904 927
694 402
303 903
443 768
631 851
136 760
375 403
22 840
135 817
895 95
571 637
93 241
225 57
748 307
20 604
784 309
672 599
580 285
328 141
992 244
404 866
122 149
358 473
750 815
117 712
570 720
382 467
222 696
478 838
780 852
16 937
974 38
133 526
850 16
211 694
470 961
310 190
239 12
133 671
225 598
621 996
124 348
113 725
385 390
755 162
65 618
485 285
416 508
570 213
134 138
977 935
200 530
440 97
958 807
315 803
13 684
935 205
42 396
688 406
137 225
29 307
749 132
416 952
513 590
734 744
426 387
433 394
702 10
482 227
998 913
412 300
425 79
912 599
821 553
491 442
6 146
239 936
865 617
921 687
207 398
669 613
528 519
377 439
417 984
144 880
715 491
19 592
847 734
773 711
408 645
373 35
49 693
361 619
178 19
107 123
255 3
97 161
487 141
557 500
822 923
834 800
297 560
580 729
652 254
998 470
504 12
382 237
366 758
222 634
228 755
755 47
690 408
456 619
325 371
608 881
653 921
278 811
853 941
547 206
253 241
144 331
73 379
182 183
862 565
771 399
993 826
998 53
980 544
50 541
698 209
861 355
478 973
816 172
914 327
72 396
167 775
280 89
299 151
67 115
86 701
973 75
168 782
902 73
850 790
82 684
104 908
507 473
470 207
181 8
239 653
686 707
891 447
824 372
787 360
147 9
350 512
612 499
110 972
797 95
583 562
587 567
643 201
819 510
43 825
618 959
824 82
952 7
881 423
791 534
791 65
6 99
425 137
285 909
238 919
591 913
260 221
979 225
601 145
972 344
403 559
946 383
108 22
291 526
610 816
917 624
886 45
32 882
696 473
370 956
481 509
580 799
605 508
678 360
917 544
420 72
187 335
799 460
198 642
880 820
457 197
774 762
775 599
244 187
488 749
200 583
362 202
509 297
457 854
993 100
244 42
872 883
652 113
965 246
694 476
605 15
474 563
898 209
628 336
573 465
206 234
667 916
214 689
894 55
453 435
699 39
93 844
929 979
78 32
101 321
825 637
315 687
667 690
263 199
855 297
159 502
237 530
688 18
782 528
618 479
755 26
204 300
276 161
194 886
980 905
12 683
911 265
859 72
290 325
846 886
152 286
669 199
76 197
222 573
156 173
396 648
91 962
398 406
846 528
902 998
449 78
892 214
87 436
406 540
189 132
504 682
164 582
130 594
493 782
633 595
351 240
248 787
282 905
256 530
943 476
305 536
86 359
606 382
420 831
114 378
810 355
667 278
425 903
354 39
193 355
156 785
506 218
696 262
18 782
210 550
547 751
264 402
529 410
29 589
548 996
314 914
766 578
182 563
405 272
761 66
816 261
887 518
413 741
501 373
586 63
552 99
643 76
610 425
774 742
25 485
170 774
525 400
231 947
475 453
397 299
391 195
784 165
991 794
685 219
189 903
266 827
638 197
197 769
811 57
129 97
557 33
548 292
822 399
91 435
916 192
721 792
797 707
817 269
585 313
859 950
841 647
474 472
920 50
741 422
544 878
870 266
873 246
533 426
251 617
180 281
815 212
647 359
651 864
981 745
215 801
199 348
865 896
935 40
560 294
450 108
141 174
971 284
75 291
368 311
994 727
902 962
797 184
321 103
194 495
412 90
30 537
513 609
679 180
759 74
959 900
532 711
806 57
28 153
657 491
469 377
737 537
331 360
832 307
870 158
142 256
562 375
65 309
542 850
622 531
204 728
636 699
741 396
718 765
168 185
166 612
940 591
865 444
282 417
948 670
681 381
168 328
520 957
150 232
616 838
50 788
533 921
241 851
309 682
270 394
681 543
646 539
387 900
764 728
162 412
573 650
685 80
617 810
524 338
317 832
148 78
556 195
941 375
413 190
489 328
383 774
185 199
243 377
214 330
566 31
270 456
833 620
584 490
712 319
850 597
907 742
843 740
85 297
466 710
640 298
694 669
915 96
990 740
882 981
791 525
630 543
385 833
152 628
155 343
337 584
130 414
263 864
181 759
682 76
407 373
709 789
1000 679
655 403
957 331
904 45
299 933
598 219
218 543
131 252
354 767
249 131
835 644
107 237
344 169
965 960
44 730
631 822
49 692
1000 980
640 457
732 623
877 402
400 26
364 363
61 598
13 418
417 825
474 826
917 636
153 231
852 423
913 782
735 746
912 20
469 849
899 302
276 909
415 240
295 542
13 297
203 659
435 895
292 988
173 716
742 92
871 824
908 126
286 246
146 861
770 291
862 965
261 444
323 426
449 948
285 294
492 878
385 368
993 539
906 946
546 141
911 391
324 355
767 729
646 944
357 485
161 90
685 484
39 89
665 730
43 26
704 880
251 991
751 922
776 754
688 292
949 387
899 754
347 465
403 483
367 530
32 439
216 404
274 12
38 253
95 996
834 116
449 18
378 168
307 236
91 581
293 385
756 849
575 319
503 496
431 23
308 706
536 613
460 517
771 953
925 589
32 772
434 168
5 575
946 207
776 833
867 339
745 863
768 764
984 469
606 76
862 474
776 481
546 779
49 289
195 27
433 194
770 195
878 800
59 136
649 710
646 765
2 1000
559 316
746 853
949 656
348 25
428 97
250 759
713 245
436 628
252 543
629 809
225 435
229 411
999 363
620 604
474 338
555 551
782 621
444 778
67 449
516 950
646 781
24 422
392 464
634 819
284 582
643 403
267 912
964 61
524 628
544 946
446 246
964 375
217 715
518 90
811 236
116 592
18 429
200 555
406 819
354 480
191 279
88 524
271 371
660 878
754 65
368 268
720 49
829 625
703 136
981 822
298 755
583 678
70 639
909 332
836 700
865 837
593 342
777 415
482 399
964 715
491 359
398 177
751 525
990 847
919 793
41 404
596 578
152 987
297 153
13 806
754 434
611 7
204 983
244 548
740 737
423 695
763 320
785 823
683 515
891 740
896 932
92 519
992 541
278 148
995 642
11 555
874 593
361 546
867 768
969 291
662 782
934 995
224 358
996 972
541 643
466 479
88 277
239 789
793 894
903 385
61 510
62 777
858 924
468 480
787 806
236 516
537 321
567 315
762 460
908 488
329 211
571 174
737 154
258 277
137 988
10 338
339 482
12 260
766 31
849 932
471 225
789 204
296 36
335 918
620 576
953 467
893 142
25 800
544 928
371 851
4 474
48 350
582 671
785 959
250 311
256 711
11 435
816 858
363 816
414 844
843 618
716 756
132 389
61 553
812 295
261 39
138 818
967 965
553 913
950 701
902 816
834 922
119 132
527 429
696 999
74 519
260 112
594 262
925 354
556 578
389 933
876 217
482 898
783 703
666 997
186 686
723 748
653 41
243 435
790 514
442 756
814 241
538 316
999 952
165 756
108 95
469 760
311 410
863 217
424 38
445 336
116 358
781 214
32 955
547 933
553 237
735 787
593 894
758 80
782 664
49 280
212 188
801 873
396 11
715 303
678 433
917 615
679 840
46 430
874 343
965 60
898 231
383 747
97 92
577 556
524 109
325 302
430 781
300 92
124 632
529 594
824 798
732 127
594 120
522 493
195 223
722 212
280 127
742 147
580 202
928 699
30 47
142 613
34 50
169 991
257 337
96 487
902 99
834 685
851 633
407 237
160 900
927 948
803 762
306 958
626 779
443 130
536 479
593 210
295 14
118 490
235 631
467 291
964 335
949 61
521 286
959 116
949 430
358 19
644 476
332 96
117 982
479 211
936 828
392 85
658 304
373 749
483 101
708 618
268 591
584 600
469 58
821 789
473 191
242 452
830 221
192 674
869 569
530 137
109 884
181 615
649 237
706 454
497 277
530 24
397 15
201 662
75 189
437 830
30 634
282 521
338 553
677 168
993 779
666 667
553 687
468 203
14 731
735 887
810 602
630 75
140 817
905 199
598 533
601 375
16 459
805 837
480 152
960 146
123 868
26 447
220 218
184 992
534 958
111 672
920 431
538 98
97 498
49 119
893 878
585 5
768 739
749 778
611 761
119 746
768 658
228 531
756 73
495 39
617 773
637 474
81 866
367 89
190 482
673 900
341 638
39 203
719 881
30 410
340 147
604 811
819 800
411 529
397 542
713 741
753 432
185 444
831 93
959 104
601 580
673 87
108 588
878 24
622 29
722 877
861 684
660 681
152 960
852 913
819 874
709 776
182 920
398 837
98 171
388 315
924 405
709 921
977 387
322 547
821 523
737 576
972 425
282 853
16 265
646 777
4 506
723 898
559 104
861 928
302 3
254 280
71 450
5 549
888 690
939 862
448 787
110 955
791 917
147 919
429 21
586 104
14 977
560 515
137 854
391 217
89 769
201 351
936 774
242 565
405 77
291 904
784 202
333 219
854 903
358 374
417 256
970 636
422 531
651 11
10 145
428 128
431 803
875 553
396 998
368 833
898 608
332 996
638 861
431 912
141 950
54 377
510 623
648 738
385 460
704 814
872 320
712 233
640 70
238 117
195 322
677 714
454 573
293 753
540 598
100 205
380 333
889 521
660 879
610 686
609 833
135 957
30 547
859 409
751 671
22 755
80 288
528 295
545 43
925 270
86 266
108 342
401 114
61 968
613 747
468 958
182 868
187 383
550 648
655 379
144 811
661 982
407 898
246 608
555 136
827 607
274 565
884 612
867 334
979 264
799 541
453 81
572 137
940 613
978 688
687 168
629 480
178 424
628 656
61 509
823 169
704 223
978 466
228 693
320 572
729 700
90 690
16 817
54 793
187 184
760 230
374 782
197 783
82 449
229 446
567 74
56 604
918 912
319 845
357 90
750 739
76 438
917 216
612 704
393 916
699 716
161 144
716 614
882 378
702 465
428 394
750 317
18 394
39 96
906 536
501 673
617 136
835 193
375 136
51 622
906 316
122 921
80 381
895 695
397 264
901 136
520 553
912 735
33 951
294 995
98 224
544 10
818 745
406 7
588 963
458 232
957 18
279 10
597 123
544 121
925 564
236 421
717 690
922 810
763 476
710 325
69 323
255 104
990 213
95 499
478 265
304 476
283 888
838 25
914 457
407 644
101 596
187 225
918 227
97 469
831 646
444 638
908 397
624 450
93 769
888 781
908 284
489 44
141 651
589 545
914 909
883 252
422 968
6 779
558 292
875 608
296 312
720 559
439 848
902 465
744 421
297 1
399 295
591 469
864 203
81 116
557 911
281 602
301 615
986 273
949 139
352 224
769 317
272 883
194 533
938 852
171 7
427 145
108 986
492 441
932 814
755 325
262 749
674 229
217 886
860 536
366 337
137 402
725 662
29 159
181 836
739 806
372 977
584 601
330 785
207 629
354 139
952 844
477 719
577 161
26 601
486 387
174 721
172 188
270 620
952 827
365 410
347 947
713 892
425 989
279 46
943 7
446 549
970 163
753 817
501 27
504 817
321 653
729 312
519 837
791 32
853 392
267 806
788 794
663 106
995 554
503 963
606 880
281 73
28 256
871 84
28 722
158 641
509 243
440 998
295 536
25 76
980 444
785 570
257 97
723 402
376 807
567 29
382 349
86 577
379 457
729 918
713 313
151 344
3 803
46 903
935 319
560 51
281 566
781 917
854 693
871 617
671 54
14 677
403 7
560 386
778 473
617 183
926 209
181 902
418 472
737 784
902 878
467 809
180 66
53 252
80 182
392 114
674 888
659 20
398 40
209 615
728 497
532 509
913 874
43 728
961 125
523 722
514 743
661 832
494 755
725 125
504 623
692 874
472 461
218 753
627 855
26 300
300 707
784 752
233 500
70 989
52 632
550 459
832 236
80 641
463 134
729 276
344 822
553 70
183 775
630 84
614 617
944 581
987 697
514 299
991 525
64 292
176 686
672 547
693 967
126 622
326 932
757 448
962 1000
449 503
121 294
233 316
903 389
736 197
738 431
423 313
465 337
505 560
569 939
823 106
71 769
441 280
295 397
466 829
50 572
578 371
562 973
500 748
626 622
38 704
516 944
208 283
135 266
195 39
935 291
224 597
927 911
696 751
125 811
42 289
333 286
581 520
171 971
837 55
699 597
189 447
66 42
786 819
200 700
592 110
534 769
721 270
333 576
800 891
484 764
160 26
269 472
493 890
229 640
606 466
881 209
301 159
722 771
982 305
341 439
881 120
809 925
458 245
847 637
262 348
288 412
255 486
865 406
266 738
230 691
748 436
933 326
648 204
595 347
724 61
780 511
70 219
73 69
384 488
679 823
386 186
353 949
407 720
874 369
253 852
111 618
19 984
866 653
805 383
614 375
617 529
852 328
68 351
987 419
951 4
136 453
637 703
818 507
125 395
343 308
552 275
278 577
299 681
820 752
54 56
76 544
353 625
64 972
854 531
232 382
964 183
826 48
134 19
410 795
933 240
254 546
717 442
224 625
650 117
998 429
380 140
219 310
26 910
632 477
670 131
599 43
472 986
289 164
274 176
354 386
216 479
455 128
122 777
655 11
380 449
643 563
130 898
475 114
959 897
14 48
721 894
881 150
188 355
316 808
133 430
637 391
178 777
855 705
595 805
26 501
562 739
579 515
763 366
726 854
69 433
313 859
444 59
890 103
821 755
331 587
338 357
84 676
601 281
710 611
13 443
514 352
309 868
365 872
370 850
798 998
283 669
692 759
469 698
82 241
597 702
763 682
180 870
510 153
278 771
634 693
380 637
569 486
957 951
429 382
369 725
449 941
46 761
667 42
115 22
833 839
480 681
889 707
195 110
930 7
90 856
661 149
229 179
124 463
716 651
916 453
39 182
245 53
446 140
928 411
301 759
587 958
11 549
167 210
722 391
247 416
601 261
158 403
53 231
916 493
322 830
464 298
561 668
854 507
549 583
826 520
520 339
208 815
541 227
501 422
684 129
122 813
499 723
949 334
521 79
613 721
687 702
763 44
449 164
201 523
109 882
436 422
891 335
562 564
946 343
965 585
697 767
644 18
776 234
460 627
944 892
942 731
544 134
504 963
451 860
314 588
733 342
634 21
373 47
377 36
359 861
516 379
610 10
277 425
540 353
83 502
992 950
596 56
300 909
943 960
357 588
448 952
343 553
948 893
426 545
560 537
179 681
328 173
872 938
729 763
72 210
326 603
457 920
521 787
884 17
318 603
120 190
48 171
860 10
127 517
846 461
542 970
596 818
488 177
257 258
918 601
354 774
88 398
153 498
195 74
821 132
56 900
525 416
99 550
975 521
9 306
856 875
230 430
929 225
880 986
712 697
271 918
962 363
844 833
644 533
901 412
668 441
458 550
925 6
969 895
587 696
338 42
165 354
296 495
939 263
597 367
191 466
695 834
972 197
666 936
338 745
247 859
618 861
814 966
530 235
91 759
790 601
593 347
757 538
938 836
478 21
635 498
1000 533
679 607
458 33
95 276
896 987
895 829
821 698
931 102
734 117
923 198
301 294
250 318
626 456
718 649
222 824
924 503
188 248
80 785
917 455
107 488
865 196
648 250
927 276
748 375
698 556
664 756
222 602
336 933
505 980
475 362
166 909
885 299
903 188
763 963
489 90
988 36
766 46
618 57
67 309
921 11
788 371
375 531
105 27
707 785
12 496
112 989
975 636
686 513
452 415
163 580
759 574
744 269
868 538
548 625
329 969
297 127
831 226
890 682
851 672
195 324
555 228
817 673
947 590
730 66
752 534
578 398
544 258
427 390
583 675
605 999
489 833
320 465
606 467
420 980
424 303
903 937
557 833
601 241
801 503
273 62
716 230
350 60
355 326
191 707
361 773
106 573
957 125
120 604
796 829
869 849
710 351
343 770
364 287
844 529
629 293
386 921
387 464
596 146
502 209
250 338
657 498
325 132
3 128
187 367
685 420
151 264
205 639
499 350
465 658
27 695
598 706
224 71
534 658
840 305
270 948
453 258
954 281
422 728
439 977
172 430
376 241
289 654
767 815
73 311
43 411
480 287
499 237
337 250
864 821
379 515
59 867
410 38
898 467
81 253
279 872
360 436
766 252
755 77
662 427
958 978
10 2
30 65
82 654
877 546
306 921
494 899
637 226
23 123
272 920
557 481
751 991
203 797
185 506
114 432
926 134
893 442
824 159
308 496
321 123
412 86
511 696
796 460
563 491
618 770
551 378
644 168
493 750
676 58
65 495
765 834
646 832
576 925
763 353
79 875
766 531
930 275
112 236
990 219
683 753
553 948
762 154
64 262
144 55
868 94
109 721
297 479
547 604
303 593
370 674
22 59
741 945
297 616
686 18
541 789
713 80
107 321
720 884
537 290
865 125
258 325
312 11
389 174
415 169
93 799
110 450
326 655
741 740
742 7
694 186
772 848
129 242
370 358
171 347
209 44
210 511
584 48
950 577
896 156
771 716
828 939
154 726
86 773
237 871
402 828
371 673
427 147
545 276
12 879
911 333
904 405
647 327
760 559
890 738
726 324
104 179
825 117
664 309
99 376
118 436
530 482
75 451
420 574
223 219
961 275
136 93
155 299
618 983
967 200
312 894
847 790
773 927
331 807
84 712
566 718
201 522
990 778
683 942
469 155
122 12
895 907
396 764
391 1
616 490
835 648
61 855
736 767
454 86
689 527
359 463
107 126
805 241
573 117
448 400
380 502
408 569
332 340
980 105
800 479
250 394
371 156
453 23
573 230
645 681
23 773
131 306
241 994
156 712
538 254
81 633
118 572
780 23
610 230
513 436
822 702
681 750
186 212
222 526
465 363
121 505
837 467
196 493
841 912
384 557
440 599
222 665
897 978
115 68
336 375
228 941
882 546
196 131
289 807
239 47
811 998
793 375
480 694
547 928
402 657
95 556
685 850
561 844
247 353
284 749
674 37
821 434
659 459
881 751
493 225
440 403
369 467
132 457
551 595
906 144
229 807
308 138
275 67
631 396
190 82
781 885
798 813
945 642
855 836
734 943
476 939
981 798
94 409
369 142
248 985
284 81
144 548
734 713
570 566
114 730
27 241
410 665
51 247
340 240
2 428
886 183
504 625
834 340
554 885
633 660
226 194
390 827
429 991
253 763
700 417
363 103
679 559
994 223
946 90
378 872
415 301
645 316
165 822
349 57
336 888
260 542
600 873
321 536
714 81
254 366
225 100
867 565
108 788
710 941
733 452
115 917
760 350
400 255
340 514
896 536
110 664
382 413
239 508
242 560
262 333
391 107
811 548
3 611
498 281
650 746
119 715
428 236
670 865
582 405
181 292
920 172
370 351
885 588
64 994
787 772
140 527
911 103
646 769
495 437
264 543
689 290
301 540
217 609
663 786
43 237
815 891
372 599
708 233
674 73
143 190
863 527
977 248
853 303
690 835
332 758
623 143
509 571
117 794
133 5
356 338
998 737
548 848
362 676
795 517
668 269
235 560
697 491
661 640
41 271
264 42
193 68
526 774
752 501
200 924
754 351
368 494
991 30
857 30
972 377
668 66
463 838
636 974
407 864
145 507
203 269
544 207
139 741
321 730
197 295
828 226
435 334
808 212
341 774
689 599
92 690
878 849
650 842
447 944
451 565
642 502
366 704
771 134
420 504
595 458
870 880
982 866
715 613
44 339
284 397
637 716
712 765
13 713
112 653
3 462
206 592
741 638
318 897
874 17
241 660
519 339
522 501
10 289
30 164
128 188
590 924
650 273
525 591
395 374
438 264
684 48
685 777
655 593
441 901
686 653
469 77
289 201
164 931
717 9
933 625
922 138
646 158
691 515
9 901
531 144
94 454
470 275
63 329
768 423
365 145
844 449
916 982
333 836
654 70
929 581
662 605
365 435
630 321
709 606
191 715
506 251
308 565
311 406
222 215
933 847
260 18
473 611
130 452
719 442
543 590
633 829
889 427
121 17
286 707
343 918
880 226
843 502
188 161
12 119
861 198
737 984
734 588
392 805
826 666
214 784
866 687
282 332
429 491
36 339
330 858
779 445
999 350
401 951
963 373
918 960
613 424
922 399
897 44
837 272
140 576
824 657
767 595
877 354
168 649
280 67
980 744
565 646
417 190
128 55
972 648
174 683
597 706
686 574
765 479
441 929
868 984
835 17
656 908
678 585
155 524
985 717
953 437
95 894
167 349
61 698
686 907
536 592
507 142
237 25
756 971
356 505
85 165
713 952
167 387
886 825
958 410
29 446
982 268
17 478
294 770
224 823
669 718
980 713
247 792
61 126
133 452
778 838
66 980
486 757
380 941
307 290
933 58
420 195
114 1000
869 872
732 612
232 990
248 632
710 55
326 812
615 878
211 28
214 973
766 750
680 245
596 311
701 641
727 641
230 91
323 711
31 158
895 351
474 601
387 402
489 124
235 384
497 601
213 993
29 538
651 987
695 69
571 91
187 727
696 389
560 200
478 951
11 128
324 473
509 835
846 66
205 74
668 870
579 325
455 612
621 962
396 845
556 51
573 907
668 661
728 49
281 571
160 932
710 129
112 273
800 628
584 267
33 27
342 15
510 849
703 2
446 57
181 99
160 130
56 83
542 279
356 270
490 792
610 633
458 506
27 323
138 552
144 549
557 392
596 555
174 641
526 218
599 416
799 621
949 3
562 726
50 258
322 575
930 830
985 649
79 701
64 234
966 430
973 189
292 426
244 995
226 178
62 564
232 939
896 844
698 712
879 763
273 259
170 832
150 75
889 99
597 786
84 955
321 543
714 94
126 380
758 783
525 102
1 266
681 696
340 368
150 149
728 765
325 337
265 105
996 666
375 719
304 84
693 742
570 339
71 770
37 702
977 307
667 539
686 872
399 412
720 603
663 591
902 269
611 535
580 255
84 848
871 936
659 520
43 969
628 227
722 152
461 196
483 404
871 569
185 2
868 769
708 234
506 775
160 960
267 996
398 382
717 100
310 922
393 94
139 638
911 132
218 237
860 556
458 572
77 790
26 984
320 565
657 650
460 281
930 395
200 703
955 817
691 599
905 617
643 728
660 730
211 335
255 521
88 815
127 708
593 730
579 923
714 756
361 890
930 723
145 105
19 432
682 400
939 515
196 844
549 960
252 960
435 288
294 677
478 134
88 252
676 453
532 865
543 214
269 622
942 384
212 165
658 843
118 372
504 219
710 127
45 172
487 434
755 610
663 431
222 933
101 572
301 42
174 200
754 962
512 902
505 608
362 955
664 577
149 7
278 725
210 247
72 236
533 865
918 805
8 884
595 152
524 164
121 545
106 311
864 247
539 400
23 752
427 907
676 718
737 488
65 647
360 453
927 991
471 435
642 605
283 94
703 868
775 283
635 530
372 692
376 687
655 961
460 55
522 54
461 458
688 274
137 492
817 626
317 267
688 481
428 676
860 679
388 74
892 240
877 100
421 142
612 151
913 302
360 347
256 891
477 743
716 729
832 410
890 128
143 710
622 765
421 480
403 621
575 707
378 975
469 500
52 652
238 284
614 714
227 368
2 550
805 219
130 453
849 987
504 971
79 794
181 190
447 838
981 506
549 198
477 171
206 411
460 959
559 413
488 668
527 691
508 711
89 931
182 384
277 372
444 395
823 137
515 232
534 254
637 751
604 280
897 952
921 50
580 273
391 946
818 410
451 223
711 770
534 422
771 528
404 79
303 881
816 135
802 870
984 893
113 637
954 29
367 64
405 867
950 354
945 886
823 845
721 911
118 351
285 126
328 735
238 70
185 58
150 776
60 10
618 672
727 89
553 871
360 121
521 257
333 291
213 381
964 475
14 650
402 988
207 851
762 550
639 892
459 98
445 203
356 506
968 764
825 341
863 501
403 683
77 512
563 457
449 185
855 625
624 745
44 569
934 96
256 839
131 341
888 846
748 842
109 768
848 624
390 861
691 474
411 610
596 357
211 193
451 750
363 10
951 645
917 533
421 742
945 500
896 784
35 663
453 166
182 364
183 989
165 626
210 925
84 646
893 760
585 191
624 403
988 172
496 998
120 82
927 638
893 873
107 700
126 104
611 764
335 932
740 112
181 462
418 16
201 384
681 326
452 279
570 414
823 800
235 319
901 598
3 807
956 344
462 328
232 185
161 732
731 129
756 372
479 911
815 865
284 751
432 954
254 633
411 228
175 51
391 602
556 850
975 808
798 787
583 555
52 145
835 298
84 680
912 893
968 649
468 816
605 817
142 49
347 757
424 310
402 373
703 449
231 448
948 280
566 859
221 298
294 105
500 487
706 342
230 568
781 136
787 523
647 943
866 16
338 825
943 148
302 600
875 194
468 244
514 436
862 476
790 297
211 74
302 119
767 65
182 473
527 117
165 645
791 177
940 525
867 567
433 85
417 584
179 537
510 69
620 948
234 11
736 217
811 649
6 949
85 996
286 325
180 968
681 601
96 215
149 101
23 638
321 987
85 853
174 510
819 967
713 328
613 495
188 686
962 569
251 546
869 636
665 49
785 706
664 179
48 120
574 213
130 917
559 894
876 914
350 709
993 682
890 838
102 590
855 4
198 777
750 298
651 443
243 420
725 616
82 538
506 702
413 386
731 395
971 408
145 774
958 281
498 810
669 113
137 64
583 527
380 330
915 49
631 259
597 415
892 237
713 998
536 937
576 662
938 5
787 449
541 168
375 374
602 438
145 223
695 931
972 228
795 805
246 449
584 996
52 826
643 505
716 225
187 533
523 12
891 781
341 292
325 879
812 908
992 676
293 129
666 685
994 14
362 484
697 933
258 171
889 377
559 11
211 249
321 585
273 494
496 753
606 957
554 536
439 14
421 527
706 975
358 90
183 5
700 145
115 883
978 463
227 833
620 920
34 471
415 182
110 698
916 114
993 778
477 409
274 725
673 756
581 3
379 663
106 421
879 738
292 530
889 954
878 18
659 694
359 495
590 994
646 848
314 153
354 858
315 704
690 524
656 644
732 439
327 621
698 3
536 346
205 17
997 53
229 155
894 647
987 99
807 308
702 474
538 539
261 144
233 745
716 754
128 331
406 870
371 631
798 984
667 24
582 947
716 321
293 656
510 878
460 135
464 322
302 678
483 697
930 419
234 852
330 663
699 738
351 63
613 808
216 338
198 422
659 80
878 855
196 584
226 823
687 678
619 692
854 189
753 46
219 761
616 354
943 505
607 44
701 183
425 996
514 602
127 203
754 547
98 479
396 178
218 804
936 391
701 921
829 196
334 674
960 29
745 657
339 72
981 505
417 790
202 496
651 46
444 277
46 65
747 84
948 869
382 249
609 171
349 400
281 112
433 59
173 194
190 85
339 166
552 469
66 479
230 508
987 387
70 485
755 671
105 279
993 790
922 282
658 89
690 718
340 939
942 99
489 988
524 329
86 574
620 674
661 32
438 379
906 921
945 885
530 797
253 440
751 169
437 49
759 626
997 41
102 647
252 240
78 428
190 298
824 975
375 250
177 941
509 624
238 54
275 40
191 373
669 136
947 538
930 340
218 162
310 754
756 934
958 190
635 799
123 99
51 510
385 41
566 419
365 226
256 570
591 788
137 233
730 168
476 736
762 761
799 924
621 66
731 526
74 263
482 32
834 269
467 332
480 398
199 893
147 542
104 400
870 754
482 147
638 998
169 459
689 524
955 959
840 507
782 823
1 514
168 13
810 580
286 348
706 533
196 699
676 365
456 264
311 154
619 109
605 178
982 468
188 521
495 990
704 237
427 534
879 580
484 432
149 76
701 752
650 610
319 413
999 495
802 937
694 379
920 292
997 794
708 323
140 663
949 935
777 718
44 59
391 899
360 352
343 105
717 284
88 968
183 384
812 48
263 360
730 729
893 59
881 531
863 903
534 685
684 250
722 325
502 549
582 729
34 963
588 414
828 959
453 795
481 742
185 85
314 435
885 824
63 92
394 459
858 180
950 716
113 971
609 974
759 372
337 643
160 132
682 777
9 97
708 549
322 232
568 412
696 933
414 680
825 263
809 650
187 810
204 196
623 638
198 494
680 633
860 799
972 556
166 136
715 161
623 552
520 81
575 693
181 332
856 457
936 289
5 568
615 601
84 231
430 463
679 552
574 379
600 125
304 522
641 909
654 175
689 953
562 393
726 636
178 446
315 251
153 196
425 623
10 583
840 394
586 146
95 132
202 667
896 979
172 862
1 185
794 502
832 685
205 44
928 940
466 167
668 644
556 348
828 665
298 636
935 292
417 939
529 540
884 522
642 853
811 950
663 585
82 358
708 54
628 237
663 958
498 502
492 728
424 840
591 392
728 54
157 122
530 756
927 906
308 250
885 832
96 532
170 231
781 773
673 132
485 430
893 289
252 431
751 967
351 437
133 2
303 438
911 55
108 246
762 607
990 679
757 728
477 125
128 721
133 292
165 451
925 264
798 558
446 644
765 954
218 559
130 733
772 28
264 267
891 780
486 544
929 559
507 519
257 710
311 399
161 466
97 880
79 768
154 489
283 643
265 816
256 890
512 887
97 225
405 280
761 74
889 125
301 407
429 226
487 892
412 976
469 673
110 857
595 463
879 941
136 946
603 936
909 809
88 395
433 991
134 495
549 403
879 636
182 196
336 532
409 872
836 833
224 953
450 439
413 801
257 477
918 938
613 258
758 725
4 454
876 864
223 559
963 124
447 87
414 804
31 764
121 266
647 462
372 694
760 357
569 390
4 695
468 548
470 126
952 489
626 192
75 330
42 401
170 106
959 174
254 46
321 206
857 300
26 684
33 178
826 625
423 925
597 434
392 15
433 869
584 547
539 505
338 794
725 478
806 49
184 288
874 779
965 592
948 290
416 883
573 485
481 339
778 929
653 819
412 743
986 524
143 625
757 847
593 998
443 795
672 275
774 920
421 704
231 233
336 513
469 724
642 294
240 644
277 257
120 858
482 577
909 252
757 664
254 421
883 567
330 413
248 254
266 997
193 988
548 19
767 233
549 294
870 226
136 829
410 388
231 860
162 293
179 705
36 350
41 736
121 612
559 610
589 554
361 67
16 930
825 588
73 727
951 148
76 754
646 674
479 759
46 514
749 4
205 419
902 459
724 641
746 217
108 818
938 503
959 415
689 367
428 469
12 660
22 548
94 756
475 786
903 997
55 903
170 191
392 205
178 738
158 404
587 514
398 423
664 313
665 992
7 689
353 502
752 594
40 622
621 432
911 924
713 957
311 672
113 153
386 537
619 659
319 577
161 611
971 30
990 782
352 942
667 313
50 285
527 221
360 669
199 892
784 650
947 70
148 865
866 10
204 613
922 776
433 333
786 331
296 114
773 607
408 573
11 616
250 406
202 277
41 913
44 496
214 960
395 870
568 990
254 449
625 723
280 742
889 166
871 82
891 739
395 247
694 457
74 494
305 708
625 684
396 667
269 611
475 178
426 594
483 671
31 441
314 239
462 479
449 908
15 597
896 205
399 298
828 980
522 283
727 198
160 584
582 591
44 679
16 684
54 148
943 861
617 9
200 424
682 980
544 541
66 337
674 144
307 937
949 26
38 779
117 770
963 850
655 168
449 121
860 873
900 208
648 777
955 903
647 581
209 601
64 317
621 404
494 522
118 182
502 17
806 614
216 186
656 217
585 652
94 78
988 384
118 80
531 419
127 130
53 811
476 410
946 86
378 884
487 58
605 499
951 747
130 395
663 23
10 757
818 28
670 965
875 85
932 118
469 652
54 746
457 204
476 184
295 724
718 530
865 238
675 330
664 761
112 534
338 72
28 780
569 790
34 433
453 297
129 483
225 346
312 21
120 112
176 898
253 172
91 305
918 117
388 767
364 743
817 143
54 86
861 350
348 311
149 194
707 872
724 586
450 451
656 666
887 912
849 735
112 978
293 743
315 535
264 515
82 758
678 535
807 274
755 523
938 463
428 484
394 285
824 426
74 777
310 921
336 4
851 679
781 772
569 474
308 106
163 681
312 109
792 311
920 876
815 613
915 51
215 600
811 386
613 818
963 735
916 591
866 398
938 3
568 124
472 145
403 741
832 433
486 598
325 988
694 618
207 472
282 769
529 256
100 776
786 148
615 636
672 264
468 155
308 972
863 390
390 507
676 343
420 405
775 541
46 43
529 179
631 106
628 671
576 114
153 167
245 329
762 357
141 446
514 184
239 431
281 11
154 827
227 835
871 154
959 990
223 776
722 89
211 676
646 854
983 243
789 950
976 867
663 989
246 837
318 374
160 624
507 299
803 710
626 799
163 615
366 848
561 904
687 805
46 816
470 12
588 423
306 717
629 982
479 854
100 25
946 417
981 752
618 730
716 323
202 148
378 464
591 653
556 546
299 261
47 995
51 484
199 228
271 235
194 484
155 603
40 514
113 252
991 233
902 586
818 529
827 280
164 611
967 464
350 114
297 6
842 697
156 869
835 514
50 374
879 402
199 923
293 210
792 719
156 846
970 182
995 857
930 980
856 287
227 560
653 20
72 591
398 721
487 467
804 23
733 407
917 720
166 748
171 914
154 236
508 561
988 203
755 752
996 718
571 728
799 173
201 280
845 991
385 65
903 131
176 74
893 819
34 360
93 651
920 377
431 883
214 609
529 731
972 565
117 414
737 408
263 262
837 685
769 389
733 972
592 736
976 847
632 289
308 311
259 832
124 480
725 957
543 748
51 546
750 480
96 302
630 842
920 821
480 892
986 131
88 605
621 653
582 925
329 789
565 891
203 828
259 638
962 35
414 690
437 755
866 455
521 224
777 78
743 783
561 743
583 870
235 764
978 717
968 767
626 455
293 404
369 886
504 747
191 565
307 8
218 629
626 342
352 943
886 172
189 52
173 719
225 40
752 128
117 274
924 312
526 28
770 978
681 21
866 11
503 698
557 55
415 308
770 837
339 102
411 437
395 776
70 138
606 1000
610 503
747 50
771 194
615 913
158 648
196 347
804 154
811 686
210 43
141 599
81 546
258 725
510 906
348 300
186 583
78 125
245 980
315 62
106 266
215 188
728 704
538 703
371 866
204 258
223 614
189 690
81 73
391 710
54 260
368 571
864 912
722 466
704 841
172 951
859 151
657 674
158 497
967 901
215 736
522 860
173 896
815 561
265 461
160 245
235 587
241 134
551 475
981 973
209 600
29 493
929 807
857 343
346 659
455 471
479 477
853 64
270 956
485 844
325 999
74 313
743 103
513 611
631 975
227 285
729 67
865 387
204 571
540 189
948 394
1000 825
88 147
975 15
6 767
443 947
377 187
1 413
580 551
46 127
874 260
841 85
456 437
6 537
840 136
905 932
121 303
289 523
384 289
24 368
723 454
444 573
176 899
603 620
180 971
423 337
851 362
376 842
28 979
555 542
737 343
96 345
759 790
685 911
392 586
615 338
263 313
447 428
143 692
451 41
517 726
756 292
449 536
205 251
891 484
727 90
86 838
91 252
170 229
152 360
579 67
122 538
358 938
5 442
697 12
222 120
646 183
981 202
691 554
363 621
398 412
274 214
368 261
204 155
521 175
924 188
14 172
604 724
701 462
388 481
302 619
341 463
469 250
401 106
810 198
408 954
303 7
839 81
917 775
812 783
748 141
235 994
1 686
330 50
536 761
277 521
445 679
49 666
710 337
568 714
792 914
297 340
500 373
340 478
527 554
343 905
658 839
805 180
697 795
844 926
314 753
814 194
482 955
466 468
961 873
658 982
758 879
317 358
510 100
58 365
663 280
962 967
979 991
945 19
567 188
605 105
756 235
314 66
965 353
306 734
698 812
189 935
278 600
392 663
465 455
341 732
452 219
825 679
846 15
189 792
134 123
929 321
517 765
340 880
380 933
933 494
346 245
537 132
920 60
466 570
358 628
915 771
897 284
458 890
578 603
501 824
621 535
56 817
698 352
685 659
556 902
833 527
318 81
47 637
303 487
855 154
397 606
290 750
66 357
65 854
708 1000
485 216
15 64
199 231
80 373
78 736
389 795
122 784
268 604
439 399
551 483
682 94
578 31
391 332
769 774
670 582
123 279
382 544
814 397
9 746
157 16
616 515
710 189
35 503
217 504
973 913
282 4
925 814
35 324
757 510
421 607
706 959
130 227
97 124
837 104
133 7
572 907
297 739
942 237
125 311
128 895
519 285
477 506
245 590
949 576
146 879
326 641
310 342
353 549
987 162
592 594
59 887
206 970
911 437
396 934
419 543
190 350
561 858
135 331
428 471
447 117
369 297
66 96
246 977
281 723
798 689
765 331
25 726
753 284
899 640
78 589
925 428
181 844
520 346
902 932
338 877
519 145
294 497
70 700
604 668
562 604
709 795
151 953
658 459
400 487
147 690
293 466
193 176
132 974
400 374
623 646
807 639
631 923
448 98
430 438
145 454
349 190
26 323
616 639
2 836
781 241
161 828
58 592
226 282
64 417
303 642
141 227
698 672
951 310
330 300
852 620
359 171
453 162
770 100
536 292
946 473
500 67
449 215
127 812
699 423
24 749
742 507
410 486
324 32
969 173
382 506
223 818
519 257
41 706
685 25
409 806
50 528
241 599
25 886
120 308
858 494
594 484
742 180
752 948
280 973
589 223
892 439
685 844
445 551
119 432
446 192
17 992
588 409
793 411
595 547
525 745
858 204
712 325
397 533
309 249
590 362
259 972
722 610
470 192
666 574
848 20
463 677
100 161
467 670
696 936
578 468
136 127
355 117
925 289
679 374
705 991
299 618
599 447
770 661
660 545
791 777
672 127
750 726
279 886
165 990
57 701
520 35
170 612
706 338
726 657
140 268
273 200
784 674
515 872
558 974
13 107
715 273
628 534
421 646
393 838
856 153
675 767
277 327
795 310
559 337
504 51
3 331
651 471
83 249
33 924
305 151
876 458
490 157
842 374
148 443
206 241
297 827
172 449
926 750
28 957
177 477
819 602
685 125
561 55
465 474
67 314
927 192
984 906
883 188
3 758
63 782
965 430
15 683
785 824
113 569
869 194
439 646
196 538
347 248
424 843
512 395
461 336
466 742
929 134
358 984
557 502
229 837
747 776
877 857
110 174
971 412
191 366
726 585
87 585
952 721
769 904
350 773
355 145
484 587
770 710
554 49
921 850
529 373
70 791
566 648
308 680
94 153
334 936
136 377
835 697
196 841
692 854
661 989
938 690
562 326
374 296
268 616
675 957
822 828
289 877
990 230
115 680
524 654
871 289
526 324
268 76
732 553
236 344
211 106
488 677
606 929
537 734
553 760
884 771
171 936
103 54
603 941
801 933
514 182
515 243
221 206
192 508
836 829
170 127
703 43
990 599
516 751
926 714
451 230
254 249
7 117
85 256
742 987
285 371
294 466
827 496
560 149
209 57
335 559
780 906
180 718
152 423
299 200
531 613
699 939
51 503
171 18
9 371
581 579
274 871
308 217
128 335
812 281
427 317
873 797
358 855
329 895
458 605
973 362
9 45
998 647
820 163
566 399
96 785
810 798
389 794
948 15
513 638
716 35
655 5
855 616
715 157
807 709
938 884
562 520
212 369
571 826
274 364
238 709
579 523
93 291
75 792
204 636
248 436
726 729
486 850
554 966
991 687
406 115
852 39
531 85
885 89
724 89
139 485
283 844
253 927
914 593
607 492
918 9
277 383
116 393
318 932
908 55
724 943
144 460
511 424
663 319
866 681
378 816
908 390
379 710
840 340
824 953
89 832
510 272
537 468
811 725
948 356
832 744
281 150
61 137
266 194
788 323
571 53
917 33
902 319
599 643
929 499
458 957
23 646
684 387
301 973
711 858
180 674
586 621
309 450
517 557
119 431
558 708
18 915
42 350
152 306
885 800
264 684
998 577
855 200
345 263
792 194
170 186
180 119
271 88
384 84
484 813
433 821
195 658
381 675
916 658
866 453
4 948
242 363
160 726
863 496
661 913
506 71
948 146
36 628
520 441
294 772
776 3
464 69
635 494
658 91
625 148
75 183
245 513
226 57
27 8
820 265
799 702
984 85
273 136
221 370
629 373
991 370
980 1
657 34
567 547
274 626
349 46
444 326
321 565
529 232
953 996
199 556
362 714
260 688
46 97
298 851
140 990
912 15
623 739
231 336
917 754
166 782
794 111
462 145
266 900
676 79
70 426
774 564
806 716
926 755
414 423
607 742
595 230
558 478
45 249
676 813
182 50
572 654
108 250
777 754
194 580
105 39
73 577
591 259
519 38
228 827
907 448
807 363
954 941
369 379
276 145
229 197
262 932
825 952
73 931
664 122
441 967
833 581
122 516
871 753
696 843
560 266
134 509
726 379
798 788
103 984
911 223
968 575
626 7
539 644
189 259
265 499
783 17
716 20
846 876
541 223
908 710
13 934
830 231
580 662
602 334
463 50
551 315
790 593
482 192
579 562
883 948
757 915
459 752
408 894
889 4
141 36
364 307
314 616
943 147
163 325
187 347
293 713
151 508
335 67
710 21
60 708
808 29
184 791
793 879
120 917
410 217
68 477
32 328
474 916
704 205
922 188
871 115
454 92
953 738
935 918
439 199
560 908
616 152
907 177
339 467
267 94
505 575
367 417
59 976
82 255
394 87
250 877
383 907
498 355
979 656
819 891
399 267
275 281
840 431
152 76
778 128
543 384
232 154
638 774
698 475
720 383
938 458
829 189
372 606
674 64
432 603
219 293
95 670
958 792
336 7
891 343
947 553
660 898
517 775
521 348
198 556
734 626
644 414
601 991
639 819
27 293
85 103
727 621
473 253
834 222
835 555
378 66
606 362
454 247
917 773
723 586
320 247
670 763
412 671
86 482
984 240
498 539
717 644
411 337
325 251
221 442
548 998
376 317
433 138
624 99
554 626
993 434
975 198
478 426
101 725
68 418
451 570
568 554
518 417
957 712
896 588
737 38
644 534
745 467
413 539
725 510
257 55
261 711
398 629
319 465
266 815
139 55
430 538
513 358
805 758
868 638
997 862
616 281
107 520
555 636
594 26
388 621
279 864
633 620
608 94
608 130
996 361
446 516
998 459
86 753
768 884
306 913
327 761
418 311
95 621
116 520
869 118
925 164
98 154
581 578
485 53
842 958
935 79
333 313
1000 10
252 463
753 374
290 748
864 713
134 453
664 336
65 197
707 873
89 207
436 292
85 709
248 872
446 725
29 467
14 57
967 109
476 648
810 184
832 400
316 801
133 405
248 727
446 676
770 602
478 213
463 803
301 684
196 942
412 739
362 434
677 185
371 921
166 438
544 226
174 925
334 679
849 136
671 556
800 459
578 966
550 667
594 555
421 605
689 965
871 469
235 383
291 161
978 285
889 142
180 879
73 551
22 418
408 370
961 666
822 325
275 514
941 73
465 400
138 310
286 134
298 560
266 82
181 357
254 869
314 326
856 16
487 993
205 48
560 1
561 856
979 569
68 888
363 888
200 432
647 302
925 136
873 879
376 721
158 265
270 327
450 228
275 47
356 130
527 357
342 85
113 947
981 770
900 248
433 191
684 643
119 18
565 244
824 50
167 1
924 21
66 781
801 454
531 173
18 936
442 812
204 899
813 875
740 733
192 859
486 541
655 276
217 312
610 801
114 912
173 605
348 709
477 999
528 643
545 571
142 411
680 990
292 12
187 318
81 736
469 756
554 586
704 115
379 903
395 154
89 897
988 315
861 35
849 731
157 700
713 116
21 157
757 355
278 804
580 492
508 455
167 724
823 378
745 308
219 141
491 672
8 818
278 518
944 110
599 678
106 265
181 377
826 14
827 315
497 956
149 283
997 999
788 70
275 365
539 968
332 842
560 45
894 144
928 577
600 798
730 853
679 909
713 513
542 300
237 893
384 819
4 740
556 953
519 199
206 710
890 671
137 477
290 677
203 844
111 335
26 975
281 58
579 249
427 260
124 202
949 407
356 309
179 276
252 358
588 200
825 266
801 369
164 599
347 715
387 176
613 764
788 559
296 246
61 42
75 850
627 801
541 401
834 413
364 300
610 180
630 51
723 911
317 866
600 66
412 602
606 56
904 674
652 256
288 711
453 243
443 37
27 260
582 80
417 443
990 437
321 999
155 301
304 252
451 383
918 161
552 289
278 691
909 627
128 168
405 820
888 232
137 654
135 495
564 739
328 831
682 658
594 454
650 500
209 108
302 468
109 859
472 682
578 626
543 272
507 496
659 495
798 372
152 363
797 389
502 693
43 475
734 992
401 444
593 416
704 967
101 326
927 663
877 1000
700 807
80 140
668 261
744 931
764 446
838 989
969 770
678 874
679 135
39 292
976 342
977 547
706 99
14 34
571 931
517 73
574 58
886 888
868 760
677 307
280 65
858 457
369 908
558 526
628 150
861 935
205 67
245 130
431 986
143 905
314 525
888 618
706 551
797 671
552 193
164 15
24 922
11 692
323 614
163 497
560 587
432 478
73 476
245 813
650 596
615 60
317 729
871 150
53 805
145 968
111 749
827 20
295 474
222 718
963 436
690 292
706 660
729 826
550 824
223 611
443 412
345 670
383 942
323 178
299 189
656 762
509 772
537 137
777 922
483 441
889 670
341 571
767 645
873 882
768 226
878 253
769 351
834 895
281 869
265 40
428 524
711 551
52 160
697 45
208 942
464 312
561 622
377 617
748 552
33 181
17 712
270 138
364 801
984 154
262 542
673 389
514 899
363 475
830 566
886 981
804 968
87 732
56 368
41 508
777 304
675 893
805 482
697 745
718 957
95 198
633 747
390 872
670 154
921 364
853 359
881 368
841 111
204 717
903 571
562 507
819 472
607 345
754 831
352 451
975 165
407 665
260 285
692 761
992 787
295 664
888 356
10 536
355 921
858 836
729 628
876 509
743 160
664 565
917 333
331 816
813 492
962 806
745 462
286 372
93 790
460 996
447 259
327 809
534 441
239 173
295 335
331 679
120 283
176 221
932 748
183 442
495 388
979 587
544 730
713 411
258 926
388 977
107 789
661 268
909 836
635 567
29 114
694 844
4 656
77 838
557 572
930 366
570 825
754 42
557 589
263 710
359 941
579 826
943 325
322 305
70 691
489 768
218 462
133 224
555 775
427 693
448 727
229 718
134 571
342 935
127 439
896 48
35 694
625 885
790 570
238 422
100 706
672 453
198 49
491 57
991 380
683 583
961 825
377 50
602 573
767 453
364 344
245 491
46 244
874 413
615 150
514 346
110 939
71 611
74 197
352 495
116 376
157 778
430 774
838 131
89 896
733 503
883 534
977 637
813 447
392 997
444 422
937 337
580 493
614 987
564 43
894 5
197 827
182 129
419 369
112 717
943 674
979 788
552 725
715 771
977 344
680 552
372 422
285 313
837 764
453 739
720 655
821 264
43 248
445 548
531 671
327 704
863 530
560 445
324 630
761 937
777 140
523 400
696 828
553 267
181 828
347 556
172 721
342 225
844 35
508 158
481 579
657 874
916 245
293 436
958 446
606 396
863 103
578 245
83 721
221 345
654 6
373 920
598 355
502 308
640 847
924 290
933 454
607 243
844 743
114 772
211 226
54 636
496 716
500 140
766 675
839 941
182 464
454 341
2 74
349 417
922 11
67 624
359 200
384 438
270 531
924 372
76 849
422 813
277 38
409 918
528 172
802 967
250 760
629 329
733 253
740 522
779 906
337 148
716 121
414 16
932 725
310 193
663 583
281 509
371 160
278 132
508 202
662 672
616 605
876 905
492 726
41 524
94 806
369 357
538 526
243 316
305 286
66 287
546 2
12 857
307 539
842 844
521 497
260 355
75 925
801 65
855 242
364 687
402 908
419 822
265 412
566 498
74 532
193 109
938 125
223 245
83 798
378 366
549 517
548 936
643 704
114 343
920 527
950 895
900 64
544 506
448 399
529 362
178 792
53 616
681 183
221 662
131 146
153 622
631 943
777 356
190 691
563 183
654 226
311 389
540 157
745 917
356 878
365 744
136 602
833 492
491 158
918 497
559 436
841 228
326 876
83 41
988 968
806 452
791 323
681 379
335 839
562 137
965 220
822 526
325 317
334 5
500 821
854 844
729 825
225 490
803 495
418 83
422 555
588 367
2 517
360 884
149 338
318 379
963 98
693 277
380 16
931 384
453 844
337 803
47 648
428 638
475 701
332 226
260 327
43 81
526 606
124 156
414 968
521 382
963 725
124 243
825 208
94 463
192 595
841 523
251 240
329 450
697 270
916 616
597 301
374 254
788 48
484 618
514 819
238 601
153 729
406 677
407 212
342 523
936 336
648 36
438 846
390 873
84 182
435 260
329 265
867 265
761 270
394 939
987 491
991 680
748 403
235 224
110 908
148 681
624 682
309 922
236 718
75 712
345 942
164 583
550 635
166 880
6 997
561 402
365 322
340 579
567 156
399 574
770 446
331 896
831 539
466 873
50 616
180 911
823 935
98 892
281 260
375 572
980 642
341 764
177 363
842 623
955 324
986 370
272 720
167 993
759 981
405 988
229 184
91 139
533 464
555 376
973 41
483 293
512 85
403 100
775 388
190 188
906 373
123 139
621 648
512 196
142 771
679 104
696 187
173 919
764 112
70 545
109 69
563 416
946 616
125 699
365 364
59 871
249 435
601 549
291 690
109 871
91 740
239 954
773 790
687 816
875 432
87 848
311 604
696 261
672 420
951 983
412 705
932 571
523 279
147 485
166 464
10 840
746 574
390 176
697 998
786 468
173 381
67 774
325 66
219 707
255 129
274 896
444 304
410 192
71 755
645 800
25 431
91 109
362 104
714 261
914 707
598 374
544 884
871 217
305 248
966 759
56 706
326 598
111 804
818 438
50 524
733 777
861 372
954 86
902 286
85 810
176 250
486 411
458 988
944 255
673 919
671 356
159 400
401 692
453 883
402 647
498 92
500 354
636 282
998 401
252 24
149 507
983 404
821 41
237 210
589 61
976 78
831 64
561 548
321 287
180 86
643 854
534 881
442 506
988 463
298 249
568 247
888 678
518 293
665 887
117 558
902 900
961 472
303 249
435 49
499 866
160 488
895 960
958 793
912 939
412 694
491 407
184 589
493 573
85 403
946 193
13 22
508 946
472 328
689 545
687 42
448 241
706 929
309 816
681 389
442 403
687 155
503 67
647 680
809 500
878 818
24 559
6 643
957 673
84 819
309 978
771 805
645 772
922 187
750 612
36 269
917 721
63 596
139 12
75 722
859 669
642 189
380 815
882 862
358 754
592 542
756 289
155 816
998 290
115 328
851 120
744 376
981 629
986 477
641 663
772 560
169 541
61 535
760 514
355 806
497 170
185 491
802 362
470 452
454 953
385 847
270 95
945 558
610 530
937 290
991 243
259 714
99 11
217 84
697 354
579 131
240 211
57 515
739 251
98 209
730 282
952 784
875 824
351 886
62 250
541 450
198 239
550 400
355 448
709 753
641 558
303 864
452 622
861 982
365 743
22 200
259 134
795 456
391 509
50 1
71 405
919 403
883 544
909 483
238 923
415 949
527 727
344 572
435 743
573 405
921 172
173 103
254 146
510 248
58 473
794 469
50 622
962 883
48 159
603 591
361 104
56 762
388 729
64 937
599 763
431 869
679 273
953 477
336 297
340 977
44 589
11 195
431 970
15 651
381 343
733 994
415 807
901 662
300 291
104 932
819 177
604 881
767 647
57 498
523 253
66 352
673 200
357 303
267 571
752 847
808 945
342 76
678 682
256 423
664 292
276 592
939 154
905 30
527 435
806 334
165 350
238 892
534 825
299 648
929 881
791 623
556 560
706 69
283 188
946 468
195 984
397 396
188 375
705 923
36 675
862 211
222 50
45 548
230 617
800 339
959 760
567 731
424 163
62 757
780 256
411 431
785 158
714 12
453 56
183 835
754 829
6 696
227 903
647 70
343 537
861 220
511 455
594 953
281 120
905 918
121 377
432 508
324 186
35 169
662 6
810 797
408 373
816 338
805 5
340 588
128 884
117 434
45 821
797 918
10 376
823 934
435 993
572 742
793 247
189 966
873 417
447 402
526 444
323 896
589 421
789 99
992 337
684 127
333 103
6 151
154 682
980 754
349 228
555 490
389 422
214 325
877 763
271 902
539 926
186 746
760 715
545 289
67 165
12 866
76 173
169 597
977 830
190 189
871 693
679 868
904 367
152 724
707 354
126 910
161 282
200 736
94 424
60 520
556 645
953 946
407 277
678 385
276 684
122 160
126 872
290 832
77 944
498 735
618 651
688 883
585 665
571 858
218 750
516 73
420 870
520 12
26 477
304 663
366 488
106 527
892 610
753 812
365 542
314 592
999 803
487 15
549 16
454 476
537 632
283 708
734 167
700 115
187 416
316 260
210 771
482 636
528 420
69 76
953 857
664 740
926 612
582 250
797 45
183 69
462 4
345 826
896 422
642 214
58 401
724 974
418 41
519 397
284 509
893 66
234 321
732 448
437 236
152 116
581 741
806 714
295 83
697 396
800 543
543 313
930 174
723 83
437 398
993 758
856 998
963 970
581 519
604 936
678 754
498 910
669 21
262 597
618 943
69 825
252 353
330 727
402 72
95 981
703 234
687 753
264 57
161 663
498 624
873 644
994 496
23 382
627 209
688 799
14 359
53 643
812 786
313 814
529 948
460 651
987 918
605 603
666 705
524 743
611 685
110 986
112 303
130 611
353 75
210 852
73 84
967 163
649 759
689 770
690 477
32 735
344 545
861 4
585 458
154 814
743 32
980 374
486 203
533 994
236 934
283 131
395 605
921 64
267 82
567 199
825 540
328 68
577 923
511 770
758 598
559 547
68 14
395 502
877 746
471 67
550 866
997 951
580 225
980 699
506 882
759 925
392 479
185 803
565 708
594 340
707 143
11 388
12 859
437 482
425 426
655 868
179 28
859 201
769 737
351 445
315 891
431 373
26 396
200 681
368 315
350 895
227 240
530 19
726 10
322 196
130 947
574 183
407 349
778 595
1000 351
565 297
930 630
680 605
695 954
165 155
421 97
298 508
304 881
302 476
221 660
38 490
848 930
316 136
265 587
308 548
558 636
830 993
664 176
800 308
819 80
657 93
677 18
221 438
779 974
244 576
73 536
89 732
861 838
704 689
173 324
288 742
219 522
261 801
888 331
374 638
353 130
257 526
580 400
136 777
287 436
292 948
920 501
116 80
64 571
673 643
585 463
505 63
614 66
689 409
67 285
569 579
110 413
882 394
2 656
232 363
695 308
128 38
721 921
703 793
778 160
689 379
105 140
214 318
34 974
935 506
816 834
181 80
241 205
607 289
423 183
851 840
234 595
592 936
110 984
467 748
878 482
860 697
864 700
494 491
246 280
119 10
655 30
416 941
143 298
926 835
496 251
5 309
579 976
797 759
319 597
625 18
593 572
705 922
568 398
587 90
143 712
348 590
869 1000
981 174
271 60
771 416
173 390
890 104
304 747
520 760
554 963
739 325
486 183
192 128
333 458
139 395
340 504
542 810
715 732
257 964
929 17
870 952
541 888
746 762
240 709
397 603
382 230
20 621
115 937
331 676
854 415
12 249
340 734
949 680
69 957
788 618
609 147
175 442
150 363
524 28
616 965
304 135
215 435
211 452
98 907
618 210
33 712
297 613
898 280
454 769
48 11
31 338
56 518
9 720
94 962
601 905
870 343
347 182
919 900
774 137
759 581
941 760
30 425
915 805
220 559
648 680
295 63
498 137
878 479
964 446
803 632
698 270
99 279
542 407
692 288
731 458
180 124
143 104
338 980
321 162
393 237
303 374
246 879
80 343
942 923
506 465
569 245
308 335
41 332
448 346
213 214
605 852
214 649
496 118
188 276
777 337
173 712
467 343
916 876
95 295
196 910
567 649
235 928
342 644
736 651
643 329
295 970
204 669
429 768
969 283
987 494
477 485
853 745
114 326
418 610
33 518
339 220
32 692
16 73
804 50
698 541
681 329
224 172
666 63
957 524
154 203
653 275
33 906
241 879
241 667
633 177
267 41
237 763
752 265
615 214
927 234
270 747
509 999
400 613
20 982
224 889
851 452
48 55
565 638
214 388
841 766
788 467
312 396
270 517
458 813
3 958
899 827
544 934
691 825
158 222
731 8
138 66
588 407
386 666
509 698
419 654
204 392
242 87
708 776
674 168
843 547
271 10
556 836
886 711
800 766
837 829
548 800
454 595
493 97
9 104
119 93
857 392
454 208
2 497
4 917
174 541
583 835
655 86
126 826
363 420
523 846
181 731
130 607
916 546
423 275
443 524
133 344
688 641
308 619
472 44
19 417
900 510
867 101
778 926
531 314
914 206
623 672
865 388
772 176
4 364
373 101
545 618
272 652
14 279
884 535
214 474
297 353
995 662
227 736
84 95
981 471
585 918
69 269
201 925
878 833
130 387
3 147
421 640
726 990
452 810
749 556
328 280
787 857
791 203
390 806
215 958
622 488
693 969
491 981
206 328
626 527
883 356
497 737
480 401
410 452
448 703
571 3
63 935
656 259
270 711
534 356
295 272
723 301
872 657
50 641
968 132
287 700
879 438
590 63
901 688
280 134
617 99
270 481
822 210
555 309
938 439
594 341
133 855
461 475
544 561
980 923
911 137
824 289
39 450
167 137
351 444
8 366
998 669
527 345
652 377
109 522
90 149
186 901
740 44
833 326
137 223
30 530
613 651
597 278
468 862
199 30
39 689
355 228
529 367
202 145
711 16
126 560
911 754
398 931
41 166
683 627
874 574
198 124
291 938
568 59
832 198
457 7
245 416
729 499
723 219
297 639
262 507
378 539
27 642
780 124
158 696
620 771
748 328
36 220
282 380
289 255
913 566
923 765
395 388
949 629
887 947
510 329
563 854
613 440
818 150
51 899
106 314
859 872
982 247
536 309
111 975
833 174
834 550
233 949
312 324
389 320
689 378
394 342
215 978
147 370
573 968
890 864
449 366
780 742
533 298
519 690
795 240
996 116
467 894
217 875
492 475
631 328
43 995
282 681
851 824
599 174
341 138
569 111
218 327
679 214
96 791
703 220
194 508
485 683
401 190
807 882
866 426
591 939
562 947
548 66
144 600
770 676
994 454
522 625
743 705
299 936
805 494
662 617
578 470
207 388
669 623
230 623
231 258
299 731
701 62
961 849
908 888
516 373
61 304
500 336
453 38
438 922
187 390
650 786
361 671
435 853
55 135
554 738
477 209
480 123
853 566
15 992
50 773
128 967
156 954
205 209
676 928
115 198
907 252
266 204
200 937
20 819
223 852
314 208
79 464
211 584
162 28
238 371
537 248
333 101
136 401
844 376
823 838
368 952
333 502
209 168
564 598
301 600
362 582
418 340
280 365
906 225
394 477
587 940
164 971
181 947
972 866
973 183
668 427
545 400
677 691
315 680
830 403
450 967
518 316
976 387
795 985
78 711
191 428
633 722
123 490
530 358
757 895
610 812
65 85
446 762
754 411
39 633
191 642
855 763
70 849
992 759
120 562
227 374
175 939
965 716
801 571
959 671
37 249
24 824
478 325
11 530
1000 965
106 924
752 102
571 570
734 26
793 740
645 523
403 880
188 234
525 229
230 373
891 557
36 54
330 343
496 563
405 359
444 307
67 104
68 487
486 82
988 304
816 481
154 200
709 122
58 300
52 582
520 729
405 57
574 619
451 279
806 927
332 530
59 970
810 910
119 762
990 4
945 941
429 340
361 38
343 777
608 97
475 58
578 841
567 387
208 302
690 970
142 593
567 304
646 929
911 283
48 278
600 1000
17 985
532 72
492 637
293 604
663 882
69 261
25 522
869 393
375 208
160 815
128 269
203 835
866 996
151 739
834 931
742 536
553 985
795 564
562 793
7 652
644 785
324 784
60 558
209 592
564 110
51 341
752 454
188 330
578 94
749 487
198 375
900 511
494 642
406 352
99 206
175 45
911 665
92 925
31 857
153 519
801 810
417 906
70 972
101 810
157 968
31 947
396 108
453 109
552 794
559 489
429 244
512 872
862 346
130 51
211 22
757 32
922 23
763 709
926 567
63 704
301 75
432 390
414 378
4 858
615 100
323 828
590 866
537 406
777 647
962 669
673 598
395 488
345 645
668 815
877 430
582 529
529 667
656 51
43 971
257 376
152 82
889 159
185 14
169 753
42 641
59 549
333 446
637 208
26 836
967 579
894 737
213 503
497 896
96 558
372 715
545 495
892 2
74 897
939 179
388 203
817 723
782 415
94 471
688 576
955 954
481 611
299 574
929 731
881 194
331 225
848 789
5 352
902 758
62 275
320 350
869 732
677 318
832 313
868 431
62 482
638 141
754 562
57 738
406 511
559 175
653 918
912 272
877 440
936 406
624 491
813 592
795 461
643 537
468 275
509 505
836 518
158 558
179 977
141 636
571 913
837 124
970 532
758 918
524 122
767 844
737 169
42 801
561 507
889 982
926 717
267 112
784 294
825 420
521 853
760 101
82 433
712 968
385 286
594 20
777 524
725 846
530 812
34 63
436 895
54 186
466 562
125 879
150 888
228 72
655 981
145 778
592 795
43 85
692 334
330 523
764 594
152 763
248 912
691 526
51 495
587 737
200 711
972 93
172 661
568 178
554 397
421 178
665 812
830 214
190 881
346 595
238 605
27 180
193 172
530 37
476 565
84 178
302 361
169 468
888 540
38 336
927 408
568 750
169 357
121 28
128 698
914 569
308 856
130 72
480 141
248 153
520 943
405 435
600 349
234 39
408 376
102 118
124 538
434 564
1 255
590 811
276 311
849 403
817 125
374 890
33 718
15 970
243 45
82 405
543 32
391 823
485 40
62 512
803 399
589 418
572 592
333 100
686 472
581 782
730 712
69 314
253 333
661 166
789 977
96 392
519 72
81 100
635 605
449 728
450 179
417 58
733 68
194 140
485 411
87 187
167 195
9 225
655 862
413 351
53 232
130 855
458 632
151 591
616 28
873 627
602 83
434 449
894 795
678 804
431 565
812 538
100 772
448 301
212 882
477 114
422 241
651 814
673 277
948 153
472 82
958 278
597 190
625 141
90 82
630 190
387 120
192 960
503 540
452 530
469 412
108 172
145 446
307 350
404 588
166 551
615 780
925 778
89 538
84 795
620 821
123 887
851 881
788 921
727 808
331 834
595 401
172 326
121 282
14 885
201 338
794 409
723 53
542 539
889 797
230 39
767 772
825 517
272 387
497 596
339 254
470 897
327 776
71 930
455 191
903 111
427 958
357 49
910 825
482 564
932 525
916 138
497 950
629 581
579 304
603 342
275 371
594 367
103 755
161 104
473 302
436 934
518 380
534 555
186 653
207 997
81 465
376 755
910 714
734 782
716 301
717 196
898 830
739 916
186 636
456 515
545 528
202 727
872 115
164 895
756 909
904 270
562 790
854 22
623 351
290 897
203 160
259 722
522 724
320 452
159 56
41 296
137 44
809 768
334 805
818 718
329 491
4 181
922 592
887 376
465 354
89 340
515 848
588 650
115 724
899 586
4 491
465 901
373 20
212 150
822 987
309 828
449 856
135 912
591 938
675 743
344 949
914 853
827 800
628 497
559 463
213 669
40 418
628 316
554 699
847 82
447 608
175 721
70 393
642 6
385 23
560 899
48 247
525 379
90 606
573 623
850 52
301 876
250 884
569 548
56 593
471 888
334 204
816 123
101 207
840 113
659 535
508 199
881 603
389 362
945 682
932 689
861 373
536 505
845 81
152 450
834 738
228 85
302 948
543 286
35 762
381 401
775 443
137 483
891 364
798 1000
468 523
530 634
142 844
894 625
425 312
397 642
937 405
223 240
149 212
522 889
753 173
830 59
284 139
565 310
71 77
56 346
731 899
670 595
50 328
967 23
239 908
39 512
243 925
83 752
456 542
75 884
169 511
26 272
429 821
601 412
822 820
967 309
495 724
713 562
60 119
117 66
889 409
482 961
800 422
89 545
75 594
774 826
405 301
408 639
960 188
211 114
374 706
849 660
866 810
6 611
832 998
465 643
434 702
951 487
304 600
44 321
597 539
49 93
897 943
880 545
521 971
267 115
486 325
573 45
223 882
793 31
667 754
12 389
203 718
412 616
281 476
105 224
547 921
107 926
775 249
229 143
755 203
536 34
813 32
116 535
372 697
86 891
626 868
976 123
280 386
834 889
411 680
303 494
622 136
329 161
636 35
165 457
850 702
683 4
846 976
392 171
274 610
289 293
166 604
705 893
27 361
264 101
119 7
915 454
975 896
596 513
317 480
790 203
602 414
455 406
97 606
706 496
209 808
781 482
472 486
454 202
648 41
705 8
585 626
435 267
919 229
781 196
88 165
801 88
722 388
75 993
408 556
889 437
231 226
527 529
896 769
89 573
611 896
922 989
830 738
980 203
943 961
965 921
254 464
149 844
847 101
23 871
409 55
121 381
162 713
970 880
332 665
629 221
386 257
23 980
121 494
504 482
146 328
89 840
474 710
93 784
46 670
379 591
515 501
898 279
290 533
641 63
950 35
204 249
661 514
747 541
658 616
594 392
101 104
428 456
730 888
402 815
774 31
172 319
506 651
358 920
570 848
440 117
21 536
561 563
212 985
993 816
933 519
789 547
66 98
215 583
933 1000
493 929
84 386
998 870
240 128
243 823
317 4
799 896
263 994
635 139
365 504
807 737
943 417
839 16
142 320
145 44
718 995
294 655
244 622
226 49
83 680
50 483
936 448
795 7
781 232
628 571
630 89
499 713
904 653
887 554
1000 854
504 383
549 237
753 514
365 828
27 735
509 11
550 521
93 82
610 380
866 722
595 400
318 873
980 350
174 269
568 856
129 412
67 696
138 646
287 935
510 308
591 245
336 727
462 443
380 768
953 424
258 602
6 228
851 457
628 157
8 904
264 530
964 255
234 476
259 793
367 216
523 168
229 199
584 426
731 13
1000 58
110 37
20 277
102 848
925 22
468 615
74 334
158 511
20 388
813 228
541 38
156 196
969 525
252 381
489 853
990 695
882 996
539 525
435 233
728 450
356 387
449 231
87 557
473 233
570 569
38 115
222 492
351 136
192 783
348 496
14 504
570 680
476 591
645 314
226 98
510 824
175 47
749 374
610 220
44 794
886 49
743 408
74 1
438 550
511 212
495 691
169 275
191 902
163 333
491 168
58 637
990 130
421 653
23 201
819 278
732 973
18 587
936 218
511 266
508 14
708 93
980 259
417 603
804 81
771 808
940 657
758 904
762 455
513 481
586 233
89 791
55 126
58 462
663 383
757 320
614 203
715 389
214 709
343 291
201 478
831 330
165 234
903 61
420 239
655 684
585 416
289 867
968 775
988 939
440 753
333 90
673 888
529 665
552 966
492 701
251 852
332 790
872 291
910 901
185 12
452 453
483 275
233 760
752 856
255 895
42 286
351 296
712 231
156 266
599 22
655 864
432 546
806 468
57 187
428 694
60 605
422 92
415 813
532 307
695 769
520 283
977 548
227 69
421 109
445 119
139 820
302 480
620 299
30 819
70 780
592 268
791 804
969 676
726 859
127 218
810 494
973 786
210 530
16 359
738 28
521 782
761 229
326 768
40 508
666 336
278 42
889 9
563 968
987 660
607 499
865 240
135 772
652 178
193 691
547 348
123 830
987 517
605 206
823 187
76 796
511 447
224 87
760 610
903 259
745 475
102 72
802 626
215 427
920 505
115 239
228 566
564 936
932 352
185 698
242 726
719 920
462 499
599 758
361 252
6 172
962 622
231 611
90 853
506 517
877 530
94 772
901 5
270 371
947 660
200 491
388 104
588 297
151 549
902 807
372 856
265 418
904 199
968 718
109 236
806 210
994 338
143 641
658 477
669 763
805 491
504 645
648 42
101 910
446 575
644 262
260 935
886 488
135 586
652 368
690 191
704 339
274 918
154 64
955 342
249 838
432 354
527 641
586 79
589 796
754 905
521 120
600 351
563 853
323 728
968 259
827 216
918 241
281 236
135 249
173 70
563 706
103 261
197 832
257 107
737 586
116 176
188 517
119 787
693 544
194 368
609 497
132 784
833 933
941 466
889 609
626 596
988 915
293 867
719 749
64 825
393 853
699 849
976 826
613 187
707 186
932 969
369 295
711 981
513 774
878 160
327 362
517 822
989 793
935 758
851 209
545 405
798 801
877 792
159 873
774 304
839 348
754 180
494 395
612 42
192 693
875 590
569 249
811 899
477 684
596 550
668 251
815 260
302 319
212 303
401 40
40 888
647 891
639 465
986 581
883 931
41 82
995 785
672 476
250 184
16 272
805 16
255 425
856 65
326 140
330 195
856 135
625 638
168 137
575 856
374 523
451 506
396 425
220 165
607 459
617 591
528 40
524 260
509 129
292 889
22 326
975 420
263 40
410 492
488 900
106 95
310 77
348 176
920 305
798 310
139 119
665 483
349 538
409 733
674 339
984 807
859 853
732 477
328 779
883 91
918 622
336 502
7 197
695 418
530 661
587 972
712 224
271 993
591 552
354 633
523 312
773 666
485 445
656 999
202 188
626 173
38 775
510 832
925 21
83 480
416 11
454 599
401 345
113 87
204 106
321 130
998 836
730 238
532 280
757 727
518 287
207 682
512 66
528 795
933 796
221 538
873 835
506 96
436 971
813 839
834 354
156 794
394 899
52 731
496 485
260 1000
379 104
526 455
654 184
989 27
253 651
198 20
770 909
553 43
849 908
776 262
448 247
89 715
454 317
97 208
387 372
3 659
466 487
139 471
288 735
440 57
36 85
321 649
627 339
546 646
417 602
126 212
36 164
771 811
135 176
704 174
766 388
694 417
22 354
542 629
158 866
784 317
946 721
978 255
137 549
263 157
837 328
987 375
382 367
325 768
992 431
812 122
873 124
814 72
730 543
751 135
807 433
992 286
879 35
627 58
617 240
293 541
497 178
859 204
208 954
209 407
967 866
513 767
753 210
716 418
749 872
422 93
99 518
262 554
975 511
768 427
365 157
646 460
902 602
597 274
869 541
35 899
303 155
685 128
622 814
880 441
826 819
304 709
601 113
292 366
313 505
79 870
601 482
875 271
912 275
164 654
442 72
71 822
805 40
398 598
714 522
549 211
474 863
697 505
934 535
477 88
318 45
761 85
905 787
787 186
927 362
327 13
291 140
858 689
936 183
349 414
851 68
338 145
571 325
274 853
386 315
835 611
390 339
215 426
571 178
559 386
249 628
656 468
163 164
385 226
205 289
558 287
707 931
176 41
360 278
638 73
289 782
592 609
475 103
190 478
929 350
815 311
882 278
510 559
292 742
208 233
471 184
172 844
634 867
416 486
452 492
664 12
150 895
860 632
751 121
593 107
651 663
673 179
547 582
830 847
237 148
607 49
203 780
12 439
705 706
498 832
394 519
344 358
28 221
209 524
215 843
470 341
882 439
661 692
294 903
388 259
761 580
189 179
463 532
798 631
507 976
200 936
312 738
294 790
463 901
156 979
365 419
661 918
539 274
261 323
305 497
34 17
610 133
162 90
222 199
209 968
639 274
662 870
5 571
610 116
386 74
500 348
377 143
583 331
896 771
490 754
254 327
340 372
268 249
805 814
717 455
666 36
741 928
31 170
149 517
732 805
235 263
589 748
310 503
651 265
192 466
879 679
770 441
609 391
917 454
205 372
300 72
504 339
395 420
254 771
129 80
280 36
451 93
517 642
537 252
276 16
849 178
190 506
64 826
12 570
533 104
826 226
789 990
39 211
668 641
116 966
247 364
470 181
72 356
971 624
718 677
663 874
232 106
87 180
72 386
829 995
332 61
886 764
522 989
116 740
473 497
204 71
167 333
80 189
759 279
377 525
375 494
804 822
554 477
170 450
208 785
946 611
90 285
638 441
544 458
545 871
527 179
655 494
126 658
956 703
905 367
265 520
32 781
143 555
139 716
925 997
452 541
570 887
187 329
337 858
526 266
404 574
421 632
10 597
102 311
598 680
236 553
366 648
202 361
644 576
187 23
775 750
689 873
652 123
124 970
513 411
605 476
901 788
651 309
230 218
323 836
107 685
309 665
427 802
107 570
279 818
730 568
234 331
682 679
99 291
662 497
918 623
355 597
390 212
695 379
777 986
171 455
907 331
603 472
768 51
327 696
721 117
863 282
294 3
475 762
294 146
482 261
863 353
458 243
14 220
109 34
437 731
757 726
955 914
479 432
709 851
160 112
326 565
588 80
401 122
99 101
136 505
457 810
304 843
605 691
550 28
427 453
215 519
44 901
193 361
377 500
654 14
783 430
218 716
348 563
829 60
245 181
156 650
452 625
911 522
936 446
349 151
891 604
806 195
934 1000
900 680
40 139
233 503
880 858
564 930
809 338
889 220
139 295
748 353
72 770
805 998
720 926
990 418
663 264
6 533
430 536
816 385
923 615
784 175
269 553
474 525
239 271
370 618
611 696
146 376
284 798
68 229
461 995
311 702
885 426
633 449
172 75
431 846
452 235
823 996
970 616
233 988
230 160
863 856
778 182
372 561
210 436
614 852
287 584
446 235
423 268
341 927
453 577
553 799
522 2
725 633
212 940
34 872
401 427
448 498
262 664
213 454
595 471
521 219
282 705
137 194
502 940
48 995
179 379
215 521
402 166
544 387
283 169
856 661
105 871
382 673
96 394
539 408
957 169
740 271
250 31
584 787
605 663
679 412
94 132
169 83
247 958
14 325
225 638
511 101
155 150
45 593
227 690
523 961
305 748
292 510
79 790
173 301
856 209
141 207
58 543
184 846
231 72
662 417
737 963
865 246
439 31
685 291
614 395
851 71
634 317
13 358
896 582
272 288
145 566
383 115
314 999
922 230
652 3
391 41
106 5
414 346
549 389
21 220
854 665
491 722
488 2
724 524
124 720
803 407
641 464
915 561
935 658
974 76
869 154
379 386
513 30
254 553
205 2
569 219
10 872
337 906
64 846
85 604
324 656
197 686
146 688
953 192
24 236
798 111
501 780
601 758
894 513
553 891
964 371
85 446
892 34
215 719
240 441
699 642
773 247
498 833
618 692
132 144
227 18
47 871
503 353
325 641
679 162
204 770
995 25
541 157
617 506
69 652
915 312
354 98
190 708
503 391
160 279
520 23
922 663
444 87
26 917
191 762
970 187
516 227
250 432
830 903
444 198
446 908
852 387
791 40
80 828
28 564
434 895
219 767
258 49
980 214
505 306
605 191
483 947
525 478
824 981
35 174
152 658
766 477
149 831
98 901
798 472
945 900
983 836
676 828
36 467
902 298
91 485
698 71
203 751
284 612
929 377
52 504
39 210
824 384
987 92
642 561
234 347
272 294
673 237
251 985
881 322
493 124
384 352
833 487
368 293
618 547
503 39
33 255
876 540
772 646
658 688
276 597
351 499
85 195
416 80
801 357
994 645
464 684
269 470
882 846
222 503
905 285
273 91
19 395
496 108
169 26
621 454
874 849
444 537
855 758
714 998
933 88
58 770
630 178
500 403
453 506
680 825
202 37
295 960
279 171
429 890
535 474
294 620
740 948
982 985
936 225
957 661
219 584
914 680
989 100
104 612
349 660
595 405
478 763
141 505
446 116
956 450
595 2
34 302
343 280
92 24
789 174
439 869
779 456
341 467
177 259
336 345
67 475
216 959
909 726
306 877
185 132
112 932
834 619
119 535
266 463
54 358
152 490
890 818
906 783
376 648
582 712
793 946
346 375
872 488
833 948
251 997
436 81
642 644
77 865
503 11
488 352
198 575
34 692
419 914
504 616
316 558
668 315
322 251
431 463
972 97
759 131
26 759
243 871
691 763
469 233
625 67
290 780
790 765
830 146
722 779
411 32
263 963
912 523
454 134
626 367
593 638
832 466
265 555
340 233
322 524
658 178
108 125
491 399
790 479
94 56
459 704
745 928
841 358
246 136
611 844
713 351
140 285
452 511
940 765
265 161
540 455
609 719
374 533
41 520
461 687
581 142
266 487
289 518
987 427
549 480
788 552
76 842
918 191
854 825
593 165
646 725
640 850
906 878
914 337
555 525
441 157
629 948
83 285
665 406
466 587
671 270
180 365
698 494
242 994
742 991
927 635
643 924
601 661
132 415
868 897
299 390
303 470
414 981
221 809
664 464
208 956
781 647
564 297
967 860
476 921
792 436
190 975
319 681
838 971
734 225
626 433
165 307
336 25
765 986
937 187
4 6
170 298
208 617
482 8
565 419
143 765
533 943
494 675
265 583
529 498
415 733
127 199
643 374
257 727
670 151
724 363
70 45
108 240
106 882
519 872
683 646
706 573
836 764
420 467
287 292
326 202
553 150
438 944
614 569
875 47
378 525
969 422
353 912
809 333
1000 700
323 737
63 739
118 586
794 45
909 939
37 752
242 578
331 927
405 124
980 512
274 815
286 145
380 724
417 326
951 129
681 933
702 793
474 900
444 837
985 779
570 503
509 937
771 692
385 273
525 637
417 160
509 794
882 276
936 644
902 105
757 455
910 612
416 504
769 292
972 741
521 395
522 84
775 266
691 887
907 658
820 913
233 729
911 378
877 957
756 547
405 673
655 833
821 105
532 252
172 515
543 540
489 897
471 529
493 953
272 361
691 642
892 257
142 78
473 181
644 244
900 158
39 706
167 393
705 994
691 307
805 263
734 375
82 781
23 334
781 286
568 405
291 622
753 943
628 781
717 716
141 16
568 260
258 236
408 641
80 686
155 156
92 753
164 198
827 910
575 976
616 671
391 473
914 562
952 641
679 886
439 461
308 292
862 279
24 623
386 362
542 657
942 143
999 106
328 165
223 956
686 144
31 37
76 658
884 9
775 938
22 514
786 30
495 25
99 832
704 558
941 463
673 529
953 257
772 835
224 707
25 790
686 477
210 490
9 857
893 39
394 372
837 544
430 276
170 267
988 652
424 783
869 415
621 750
42 629
879 202
717 219
20 381
563 368
733 891
694 757
164 832
928 141
273 824
49 785
543 897
195 559
640 672
496 30
313 568
208 516
578 231
83 575
28 196
321 886
895 932
535 759
829 22
188 386
890 36
242 665
770 932
919 170
706 754
283 303
582 156
987 819
59 260
278 102
939 856
670 984
787 732
37 453
365 824
832 947
562 100
608 682
845 659
383 724
455 843
277 167
461 650
903 311
158 762
654 543
414 256
509 158
1 173
898 213
955 44
519 743
146 614
582 269
31 25
589 210
219 873
975 574
927 599
443 353
335 951
529 544
548 260
107 572
381 53
21 388
17 179
450 462
529 689
309 441
402 621
384 992
923 985
285 416
492 740
254 543
38 600
314 464
355 676
467 990
